      1.000000         0.000000         0.000000
      2.000000         0.000000         0.000000
      3.000000         0.000000         0.000000
      4.000000         0.000000         0.000000
      5.000000         0.000000         0.000000
      6.000000         0.000000         0.000000
      7.000000         0.000000         0.000000
      8.000000         0.000001         0.000008
      9.000000         0.000001         0.000009
     10.000000         0.000002         0.000020
     11.000000         0.000003         0.000033
     12.000000         0.000005         0.000060
     13.000000         0.000007         0.000091
     14.000000         0.000009         0.000126
     15.000000         0.000012         0.000180
     16.000000         0.000015         0.000240
     17.000000         0.000019         0.000323
     18.000000         0.000023         0.000414
     19.000000         0.000028         0.000532
     20.000000         0.000034         0.000680
     21.000000         0.000040         0.000840
     22.000000         0.000047         0.001034
     23.000000         0.000055         0.001265
     24.000000         0.000064         0.001536
     25.000000         0.000074         0.001850
     26.000000         0.000086         0.002236
     27.000000         0.000098         0.002646
     28.000000         0.000112         0.003136
     29.000000         0.000127         0.003683
     30.000000         0.000143         0.004290
     31.000000         0.000161         0.004991
     32.000000         0.000180         0.005760
     33.000000         0.000200         0.006600
     34.000000         0.000222         0.007548
     35.000000         0.000246         0.008610
     36.000000         0.000270         0.009720
     37.000000         0.000297         0.010989
     38.000000         0.000325         0.012350
     39.000000         0.000354         0.013806
     40.000000         0.000385         0.015400
     41.000000         0.000417         0.017097
     42.000000         0.000451         0.018942
     43.000000         0.000486         0.020898
     44.000000         0.000522         0.022968
     45.000000         0.000560         0.025200
     46.000000         0.000600         0.027600
     47.000000         0.000640         0.030080
     48.000000         0.000682         0.032736
     49.000000         0.000726         0.035574
     50.000000         0.000771         0.038550
     51.000000         0.000817         0.041667
     52.000000         0.000864         0.044928
     53.000000         0.000913         0.048389
     54.000000         0.000963         0.052002
     55.000000         0.001014         0.055770
     56.000000         0.001067         0.059752
     57.000000         0.001120         0.063840
     58.000000         0.001175         0.068150
     59.000000         0.001231         0.072629
     60.000000         0.001289         0.077340
     61.000000         0.001347         0.082167
     62.000000         0.001406         0.087172
     63.000000         0.001467         0.092421
     64.000000         0.001529         0.097856
     65.000000         0.001592         0.103480
     66.000000         0.001655         0.109230
     67.000000         0.001720         0.115240
     68.000000         0.001786         0.121448
     69.000000         0.001853         0.127857
     70.000000         0.001921         0.134470
     71.000000         0.001990         0.141290
     72.000000         0.002060         0.148320
     73.000000         0.002131         0.155563
     74.000000         0.002203         0.163022
     75.000000         0.002275         0.170625
     76.000000         0.002349         0.178524
     77.000000         0.002423         0.186571
     78.000000         0.002499         0.194922
     79.000000         0.002575         0.203425
     80.000000         0.002652         0.212160
     81.000000         0.002730         0.221130
     82.000000         0.002809         0.230338
     83.000000         0.002888         0.239704
     84.000000         0.002968         0.249312
     85.000000         0.003049         0.259165
     86.000000         0.003131         0.269266
     87.000000         0.003214         0.279618
     88.000000         0.003297         0.290136
     89.000000         0.003381         0.300909
     90.000000         0.003465         0.311850
     91.000000         0.003551         0.323141
     92.000000         0.003636         0.334512
     93.000000         0.003723         0.346239
     94.000000         0.003810         0.358140
     95.000000         0.003898         0.370310
     96.000000         0.003986         0.382656
     97.000000         0.004075         0.395275
     98.000000         0.004165         0.408170
     99.000000         0.004255         0.421245
    100.000000         0.004345         0.434500
    101.000000         0.004436         0.448036
    102.000000         0.004528         0.461856
    103.000000         0.004620         0.475860
    104.000000         0.004713         0.490152
    105.000000         0.004806         0.504630
    106.000000         0.004899         0.519294
    107.000000         0.004993         0.534251
    108.000000         0.005087         0.549396
    109.000000         0.005182         0.564838
    110.000000         0.005277         0.580470
    111.000000         0.005373         0.596403
    112.000000         0.005468         0.612416
    113.000000         0.005565         0.628845
    114.000000         0.005661         0.645354
    115.000000         0.005758         0.662170
    116.000000         0.005855         0.679180
    117.000000         0.005953         0.696501
    118.000000         0.006050         0.713900
    119.000000         0.006148         0.731612
    120.000000         0.006247         0.749640
    121.000000         0.006345         0.767745
    122.000000         0.006444         0.786168
    123.000000         0.006543         0.804789
    124.000000         0.006642         0.823608
    125.000000         0.006742         0.842750
    126.000000         0.006842         0.862092
    127.000000         0.006941         0.881507
    128.000000         0.007041         0.901248
    129.000000         0.007142         0.921318
    130.000000         0.007242         0.941460
    131.000000         0.007343         0.961933
    132.000000         0.007443         0.982476
    133.000000         0.007544         1.003352
    134.000000         0.007645         1.024430
    135.000000         0.007746         1.045710
    136.000000         0.007847         1.067192
    137.000000         0.007948         1.088876
    138.000000         0.008050         1.110900
    139.000000         0.008151         1.132989
    140.000000         0.008253         1.155420
    141.000000         0.008354         1.177914
    142.000000         0.008456         1.200752
    143.000000         0.008558         1.223794
    144.000000         0.008659         1.246896
    145.000000         0.008761         1.270345
    146.000000         0.008863         1.293998
    147.000000         0.008965         1.317855
    148.000000         0.009067         1.341916
    149.000000         0.009168         1.366032
    150.000000         0.009270         1.390500
    151.000000         0.009372         1.415172
    152.000000         0.009474         1.440048
    153.000000         0.009576         1.465128
    154.000000         0.009678         1.490412
    155.000000         0.009779         1.515745
    156.000000         0.009881         1.541436
    157.000000         0.009983         1.567331
    158.000000         0.010085         1.593430
    159.000000         0.010186         1.619574
    160.000000         0.010288         1.646080
    161.000000         0.010389         1.672629
    162.000000         0.010491         1.699542
    163.000000         0.010592         1.726496
    164.000000         0.010694         1.753816
    165.000000         0.010795         1.781175
    166.000000         0.010896         1.808736
    167.000000         0.010997         1.836499
    168.000000         0.011098         1.864464
    169.000000         0.011199         1.892631
    170.000000         0.011300         1.921000
    171.000000         0.011401         1.949571
    172.000000         0.011501         1.978172
    173.000000         0.011602         2.007146
    174.000000         0.011702         2.036148
    175.000000         0.011803         2.065525
    176.000000         0.011903         2.094928
    177.000000         0.012003         2.124531
    178.000000         0.012103         2.154334
    179.000000         0.012203         2.184337
    180.000000         0.012303         2.214540
    181.000000         0.012402         2.244762
    182.000000         0.012502         2.275364
    183.000000         0.012601         2.305983
    184.000000         0.012700         2.336800
    185.000000         0.012799         2.367815
    186.000000         0.012898         2.399028
    187.000000         0.012997         2.430439
    188.000000         0.013096         2.462048
    189.000000         0.013194         2.493666
    190.000000         0.013292         2.525480
    191.000000         0.013391         2.557681
    192.000000         0.013489         2.589888
    193.000000         0.013587         2.622291
    194.000000         0.013684         2.654696
    195.000000         0.013782         2.687490
    196.000000         0.013879         2.720284
    197.000000         0.013976         2.753272
    198.000000         0.014074         2.786652
    199.000000         0.014170         2.819830
    200.000000         0.014267         2.853400
    201.000000         0.014364         2.887164
    202.000000         0.014460         2.920920
    203.000000         0.014557         2.955071
    204.000000         0.014653         2.989212
    205.000000         0.014748         3.023340
    206.000000         0.014844         3.057864
    207.000000         0.014940         3.092580
    208.000000         0.015035         3.127280
    209.000000         0.015130         3.162170
    210.000000         0.015225         3.197250
    211.000000         0.015320         3.232520
    212.000000         0.015415         3.267980
    213.000000         0.015509         3.303417
    214.000000         0.015604         3.339256
    215.000000         0.015698         3.375070
    216.000000         0.015792         3.411072
    217.000000         0.015885         3.447045
    218.000000         0.015979         3.483422
    219.000000         0.016072         3.519768
    220.000000         0.016166         3.556520
    221.000000         0.016259         3.593239
    222.000000         0.016351         3.629922
    223.000000         0.016444         3.667012
    224.000000         0.016537         3.704288
    225.000000         0.016629         3.741525
    226.000000         0.016721         3.778946
    227.000000         0.016813         3.816551
    228.000000         0.016904         3.854112
    229.000000         0.016996         3.892084
    230.000000         0.017087         3.930010
    231.000000         0.017178         3.968118
    232.000000         0.017269         4.006408
    233.000000         0.017360         4.044880
    234.000000         0.017451         4.083534
    235.000000         0.017541         4.122135
    236.000000         0.017631         4.160916
    237.000000         0.017721         4.199877
    238.000000         0.017811         4.239018
    239.000000         0.017900         4.278100
    240.000000         0.017990         4.317600
    241.000000         0.018079         4.357039
    242.000000         0.018168         4.396656
    243.000000         0.018257         4.436451
    244.000000         0.018346         4.476424
    245.000000         0.018434         4.516330
    246.000000         0.018522         4.556412
    247.000000         0.018610         4.596670
    248.000000         0.018698         4.637104
    249.000000         0.018786         4.677714
    250.000000         0.018873         4.718250
    251.000000         0.018961         4.759211
    252.000000         0.019048         4.800096
    253.000000         0.019135         4.841155
    254.000000         0.019221         4.882134
    255.000000         0.019308         4.923540
    256.000000         0.019394         4.964864
    257.000000         0.019480         5.006360
    258.000000         0.019566         5.048028
    259.000000         0.019652         5.089868
    260.000000         0.019737         5.131620
    261.000000         0.019823         5.173803
    262.000000         0.019908         5.215896
    263.000000         0.019993         5.258159
    264.000000         0.020078         5.300592
    265.000000         0.020162         5.342930
    266.000000         0.020247         5.385702
    267.000000         0.020331         5.428377
    268.000000         0.020415         5.471220
    269.000000         0.020499         5.514231
    270.000000         0.020583         5.557410
    271.000000         0.020666         5.600486
    272.000000         0.020749         5.643728
    273.000000         0.020833         5.687409
    274.000000         0.020915         5.730710
    275.000000         0.020998         5.774450
    276.000000         0.021081         5.818356
    277.000000         0.021163         5.862151
    278.000000         0.021245         5.906110
    279.000000         0.021327         5.950233
    280.000000         0.021409         5.994520
    281.000000         0.021491         6.038971
    282.000000         0.021572         6.083304
    283.000000         0.021653         6.127799
    284.000000         0.021735         6.172740
    285.000000         0.021815         6.217275
    286.000000         0.021896         6.262256
    287.000000         0.021977         6.307399
    288.000000         0.022057         6.352416
    289.000000         0.022137         6.397593
    290.000000         0.022217         6.442930
    291.000000         0.022297         6.488427
    292.000000         0.022377         6.534084
    293.000000         0.022456         6.579608
    294.000000         0.022535         6.625290
    295.000000         0.022614         6.671130
    296.000000         0.022693         6.717128
    297.000000         0.022772         6.763284
    298.000000         0.022851         6.809598
    299.000000         0.022929         6.855771
    300.000000         0.023007         6.902100
    301.000000         0.023085         6.948585
    302.000000         0.023163         6.995226
    303.000000         0.023241         7.042023
    304.000000         0.023318         7.088672
    305.000000         0.023396         7.135780
    306.000000         0.023473         7.182738
    307.000000         0.023550         7.229850
    308.000000         0.023627         7.277116
    309.000000         0.023703         7.324227
    310.000000         0.023780         7.371800
    311.000000         0.023856         7.419216
    312.000000         0.023932         7.466784
    313.000000         0.024008         7.514504
    314.000000         0.024084         7.562376
    315.000000         0.024160         7.610400
    316.000000         0.024235         7.658260
    317.000000         0.024310         7.706270
    318.000000         0.024386         7.754748
    319.000000         0.024461         7.803059
    320.000000         0.024535         7.851200
    321.000000         0.024610         7.899810
    322.000000         0.024684         7.948248
    323.000000         0.024759         7.997157
    324.000000         0.024833         8.045892
    325.000000         0.024907         8.094775
    326.000000         0.024981         8.143806
    327.000000         0.025054         8.192658
    328.000000         0.025128         8.241984
    329.000000         0.025201         8.291129
    330.000000         0.025274         8.340420
    331.000000         0.025347         8.389857
    332.000000         0.025420         8.439440
    333.000000         0.025493         8.489169
    334.000000         0.025565         8.538710
    335.000000         0.025638         8.588730
    336.000000         0.025710         8.638560
    337.000000         0.025782         8.688534
    338.000000         0.025854         8.738652
    339.000000         0.025926         8.788914
    340.000000         0.025997         8.838980
    341.000000         0.026069         8.889529
    342.000000         0.026140         8.939880
    343.000000         0.026211         8.990373
    344.000000         0.026282         9.041008
    345.000000         0.026353         9.091785
    346.000000         0.026423         9.142358
    347.000000         0.026494         9.193418
    348.000000         0.026564         9.244272
    349.000000         0.026634         9.295266
    350.000000         0.026704         9.346400
    351.000000         0.026774         9.397674
    352.000000         0.026844         9.449088
    353.000000         0.026914         9.500642
    354.000000         0.026983         9.551982
    355.000000         0.027052         9.603460
    356.000000         0.027122         9.655432
    357.000000         0.027191         9.707187
    358.000000         0.027259         9.758722
    359.000000         0.027328         9.810752
    360.000000         0.027397         9.862920
    361.000000         0.027465         9.914865
    362.000000         0.027533         9.966946
    363.000000         0.027602        10.019526
    364.000000         0.027670        10.071880
    365.000000         0.027737        10.124005
    366.000000         0.027805        10.176630
    367.000000         0.027873        10.229391
    368.000000         0.027940        10.281920
    369.000000         0.028007        10.334583
    370.000000         0.028074        10.387380
    371.000000         0.028141        10.440311
    372.000000         0.028208        10.493376
    373.000000         0.028275        10.546575
    374.000000         0.028342        10.599908
    375.000000         0.028408        10.653000
    376.000000         0.028474        10.706224
    377.000000         0.028540        10.759580
    378.000000         0.028606        10.813068
    379.000000         0.028672        10.866688
    380.000000         0.028738        10.920440
    381.000000         0.028804        10.974324
    382.000000         0.028869        11.027958
    383.000000         0.028934        11.081722
    384.000000         0.029000        11.136000
    385.000000         0.029065        11.190025
    386.000000         0.029130        11.244180
    387.000000         0.029194        11.298078
    388.000000         0.029259        11.352492
    389.000000         0.029324        11.407036
    390.000000         0.029388        11.461320
    391.000000         0.029452        11.515732
    392.000000         0.029516        11.570272
    393.000000         0.029580        11.624940
    394.000000         0.029644        11.679736
    395.000000         0.029708        11.734660
    396.000000         0.029772        11.789712
    397.000000         0.029835        11.844495
    398.000000         0.029898        11.899404
    399.000000         0.029962        11.954838
    400.000000         0.030025        12.010000
    401.000000         0.030088        12.065288
    402.000000         0.030151        12.120702
    403.000000         0.030213        12.175839
    404.000000         0.030276        12.231504
    405.000000         0.030338        12.286890
    406.000000         0.030401        12.342806
    407.000000         0.030463        12.398441
    408.000000         0.030525        12.454200
    409.000000         0.030587        12.510083
    410.000000         0.030649        12.566090
    411.000000         0.030711        12.622221
    412.000000         0.030772        12.678064
    413.000000         0.030834        12.734442
    414.000000         0.030895        12.790530
    415.000000         0.030956        12.846740
    416.000000         0.031017        12.903072
    417.000000         0.031078        12.959526
    418.000000         0.031139        13.016102
    419.000000         0.031200        13.072800
    420.000000         0.031261        13.129620
    421.000000         0.031321        13.186141
    422.000000         0.031381        13.242782
    423.000000         0.031442        13.299966
    424.000000         0.031502        13.356848
    425.000000         0.031562        13.413850
    426.000000         0.031622        13.470972
    427.000000         0.031682        13.528214
    428.000000         0.031741        13.585148
    429.000000         0.031801        13.642629
    430.000000         0.031860        13.699800
    431.000000         0.031920        13.757520
    432.000000         0.031979        13.814928
    433.000000         0.032038        13.872454
    434.000000         0.032097        13.930098
    435.000000         0.032156        13.987860
    436.000000         0.032215        14.045740
    437.000000         0.032273        14.103301
    438.000000         0.032332        14.161416
    439.000000         0.032390        14.219210
    440.000000         0.032449        14.277560
    441.000000         0.032507        14.335587
    442.000000         0.032565        14.393730
    443.000000         0.032623        14.451989
    444.000000         0.032681        14.510364
    445.000000         0.032739        14.568855
    446.000000         0.032796        14.627016
    447.000000         0.032854        14.685738
    448.000000         0.032911        14.744128
    449.000000         0.032969        14.803081
    450.000000         0.033026        14.861700
    451.000000         0.033083        14.920433
    452.000000         0.033140        14.979280
    453.000000         0.033197        15.038241
    454.000000         0.033254        15.097316
    455.000000         0.033310        15.156050
    456.000000         0.033367        15.215352
    457.000000         0.033424        15.274768
    458.000000         0.033480        15.333840
    459.000000         0.033536        15.393024
    460.000000         0.033592        15.452320
    461.000000         0.033648        15.511728
    462.000000         0.033704        15.571248
    463.000000         0.033760        15.630880
    464.000000         0.033816        15.690624
    465.000000         0.033872        15.750480
    466.000000         0.033927        15.809982
    467.000000         0.033983        15.870061
    468.000000         0.034038        15.929784
    469.000000         0.034093        15.989617
    470.000000         0.034148        16.049560
    471.000000         0.034203        16.109613
    472.000000         0.034258        16.169776
    473.000000         0.034313        16.230049
    474.000000         0.034368        16.290432
    475.000000         0.034423        16.350925
    476.000000         0.034477        16.411052
    477.000000         0.034532        16.471764
    478.000000         0.034586        16.532108
    479.000000         0.034640        16.592560
    480.000000         0.034694        16.653120
    481.000000         0.034748        16.713788
    482.000000         0.034802        16.774564
    483.000000         0.034856        16.835448
    484.000000         0.034910        16.896440
    485.000000         0.034964        16.957540
    486.000000         0.035017        17.018262
    487.000000         0.035071        17.079577
    488.000000         0.035124        17.140512
    489.000000         0.035177        17.201553
    490.000000         0.035231        17.263190
    491.000000         0.035284        17.324444
    492.000000         0.035337        17.385804
    493.000000         0.035390        17.447270
    494.000000         0.035443        17.508842
    495.000000         0.035495        17.570025
    496.000000         0.035548        17.631808
    497.000000         0.035600        17.693200
    498.000000         0.035653        17.755194
    499.000000         0.035705        17.816795
    500.000000         0.035757        17.878500
    501.000000         0.035810        17.940810
    502.000000         0.035862        18.002724
    503.000000         0.035914        18.064742
    504.000000         0.035966        18.126864
    505.000000         0.036017        18.188585
    506.000000         0.036069        18.250914
    507.000000         0.036121        18.313347
    508.000000         0.036172        18.375376
    509.000000         0.036224        18.438016
    510.000000         0.036275        18.500250
    511.000000         0.036326        18.562586
    512.000000         0.036378        18.625536
    513.000000         0.036429        18.688077
    514.000000         0.036480        18.750720
    515.000000         0.036531        18.813465
    516.000000         0.036582        18.876312
    517.000000         0.036632        18.938744
    518.000000         0.036683        19.001794
    519.000000         0.036734        19.064946
    520.000000         0.036784        19.127680
    521.000000         0.036834        19.190514
    522.000000         0.036885        19.253970
    523.000000         0.036935        19.317005
    524.000000         0.036985        19.380140
    525.000000         0.037035        19.443375
    526.000000         0.037085        19.506710
    527.000000         0.037135        19.570145
    528.000000         0.037185        19.633680
    529.000000         0.037235        19.697315
    530.000000         0.037284        19.760520
    531.000000         0.037334        19.824354
    532.000000         0.037383        19.887756
    533.000000         0.037433        19.951789
    534.000000         0.037482        20.015388
    535.000000         0.037531        20.079085
    536.000000         0.037580        20.142880
    537.000000         0.037629        20.206773
    538.000000         0.037678        20.270764
    539.000000         0.037727        20.334853
    540.000000         0.037776        20.399040
    541.000000         0.037825        20.463325
    542.000000         0.037874        20.527708
    543.000000         0.037922        20.591646
    544.000000         0.037971        20.656224
    545.000000         0.038019        20.720355
    546.000000         0.038068        20.785128
    547.000000         0.038116        20.849452
    548.000000         0.038164        20.913872
    549.000000         0.038212        20.978388
    550.000000         0.038260        21.043000
    551.000000         0.038308        21.107708
    552.000000         0.038356        21.172512
    553.000000         0.038404        21.237412
    554.000000         0.038451        21.301854
    555.000000         0.038499        21.366945
    556.000000         0.038547        21.432132
    557.000000         0.038594        21.496858
    558.000000         0.038642        21.562236
    559.000000         0.038689        21.627151
    560.000000         0.038736        21.692160
    561.000000         0.038783        21.757263
    562.000000         0.038830        21.822460
    563.000000         0.038878        21.888314
    564.000000         0.038924        21.953136
    565.000000         0.038971        22.018615
    566.000000         0.039018        22.084188
    567.000000         0.039065        22.149855
    568.000000         0.039112        22.215616
    569.000000         0.039158        22.280902
    570.000000         0.039205        22.346850
    571.000000         0.039251        22.412321
    572.000000         0.039297        22.477884
    573.000000         0.039344        22.544112
    574.000000         0.039390        22.609860
    575.000000         0.039436        22.675700
    576.000000         0.039482        22.741632
    577.000000         0.039528        22.807656
    578.000000         0.039574        22.873772
    579.000000         0.039620        22.939980
    580.000000         0.039666        23.006280
    581.000000         0.039712        23.072672
    582.000000         0.039757        23.138574
    583.000000         0.039803        23.205149
    584.000000         0.039848        23.271232
    585.000000         0.039894        23.337990
    586.000000         0.039939        23.404254
    587.000000         0.039984        23.470608
    588.000000         0.040030        23.537640
    589.000000         0.040075        23.604175
    590.000000         0.040120        23.670800
    591.000000         0.040165        23.737515
    592.000000         0.040210        23.804320
    593.000000         0.040255        23.871215
    594.000000         0.040299        23.937606
    595.000000         0.040344        24.004680
    596.000000         0.040389        24.071844
    597.000000         0.040433        24.138501
    598.000000         0.040478        24.205844
    599.000000         0.040522        24.272678
    600.000000         0.040567        24.340200
    601.000000         0.040611        24.407211
    602.000000         0.040655        24.474310
    603.000000         0.040700        24.542100
    604.000000         0.040744        24.609376
    605.000000         0.040788        24.676740
    606.000000         0.040832        24.744192
    607.000000         0.040876        24.811732
    608.000000         0.040920        24.879360
    609.000000         0.040963        24.946467
    610.000000         0.041007        25.014270
    611.000000         0.041051        25.082161
    612.000000         0.041094        25.149528
    613.000000         0.041138        25.217594
    614.000000         0.041181        25.285134
    615.000000         0.041225        25.353375
    616.000000         0.041268        25.421088
    617.000000         0.041311        25.488887
    618.000000         0.041355        25.557390
    619.000000         0.041398        25.625362
    620.000000         0.041441        25.693420
    621.000000         0.041484        25.761564
    622.000000         0.041527        25.829794
    623.000000         0.041570        25.898110
    624.000000         0.041613        25.966512
    625.000000         0.041655        26.034375
    626.000000         0.041698        26.102948
    627.000000         0.041741        26.171607
    628.000000         0.041783        26.239724
    629.000000         0.041826        26.308554
    630.000000         0.041868        26.376840
    631.000000         0.041911        26.445841
    632.000000         0.041953        26.514296
    633.000000         0.041995        26.582835
    634.000000         0.042037        26.651458
    635.000000         0.042080        26.720800
    636.000000         0.042122        26.789592
    637.000000         0.042164        26.858468
    638.000000         0.042206        26.927428
    639.000000         0.042248        26.996472
    640.000000         0.042289        27.064960
    641.000000         0.042331        27.134171
    642.000000         0.042373        27.203466
    643.000000         0.042415        27.272845
    644.000000         0.042456        27.341664
    645.000000         0.042498        27.411210
    646.000000         0.042539        27.480194
    647.000000         0.042581        27.549907
    648.000000         0.042622        27.619056
    649.000000         0.042663        27.688287
    650.000000         0.042705        27.758250
    651.000000         0.042746        27.827646
    652.000000         0.042787        27.897124
    653.000000         0.042828        27.966684
    654.000000         0.042869        28.036326
    655.000000         0.042910        28.106050
    656.000000         0.042951        28.175856
    657.000000         0.042992        28.245744
    658.000000         0.043032        28.315056
    659.000000         0.043073        28.385107
    660.000000         0.043114        28.455240
    661.000000         0.043154        28.524794
    662.000000         0.043195        28.595090
    663.000000         0.043236        28.665468
    664.000000         0.043276        28.735264
    665.000000         0.043316        28.805140
    666.000000         0.043357        28.875762
    667.000000         0.043397        28.945799
    668.000000         0.043437        29.015916
    669.000000         0.043477        29.086113
    670.000000         0.043517        29.156390
    671.000000         0.043558        29.227418
    672.000000         0.043598        29.297856
    673.000000         0.043637        29.367701
    674.000000         0.043677        29.438298
    675.000000         0.043717        29.508975
    676.000000         0.043757        29.579732
    677.000000         0.043797        29.650569
    678.000000         0.043836        29.720808
    679.000000         0.043876        29.791804
    680.000000         0.043915        29.862200
    681.000000         0.043955        29.933355
    682.000000         0.043994        30.003908
    683.000000         0.044034        30.075222
    684.000000         0.044073        30.145932
    685.000000         0.044112        30.216720
    686.000000         0.044152        30.288272
    687.000000         0.044191        30.359217
    688.000000         0.044230        30.430240
    689.000000         0.044269        30.501341
    690.000000         0.044308        30.572520
    691.000000         0.044347        30.643777
    692.000000         0.044386        30.715112
    693.000000         0.044425        30.786525
    694.000000         0.044464        30.858016
    695.000000         0.044502        30.928890
    696.000000         0.044541        31.000536
    697.000000         0.044580        31.072260
    698.000000         0.044618        31.143364
    699.000000         0.044657        31.215243
    700.000000         0.044695        31.286500
    701.000000         0.044734        31.358534
    702.000000         0.044772        31.429944
    703.000000         0.044811        31.502133
    704.000000         0.044849        31.573696
    705.000000         0.044887        31.645335
    706.000000         0.044925        31.717050
    707.000000         0.044964        31.789548
    708.000000         0.045002        31.861416
    709.000000         0.045040        31.933360
    710.000000         0.045078        32.005380
    711.000000         0.045116        32.077476
    712.000000         0.045153        32.148936
    713.000000         0.045191        32.221183
    714.000000         0.045229        32.293506
    715.000000         0.045267        32.365905
    716.000000         0.045305        32.438380
    717.000000         0.045342        32.510214
    718.000000         0.045380        32.582840
    719.000000         0.045417        32.654823
    720.000000         0.045455        32.727600
    721.000000         0.045492        32.799732
    722.000000         0.045530        32.872660
    723.000000         0.045567        32.944941
    724.000000         0.045604        33.017296
    725.000000         0.045642        33.090450
    726.000000         0.045679        33.162954
    727.000000         0.045716        33.235532
    728.000000         0.045753        33.308184
    729.000000         0.045790        33.380910
    730.000000         0.045827        33.453710
    731.000000         0.045864        33.526584
    732.000000         0.045901        33.599532
    733.000000         0.045938        33.672554
    734.000000         0.045975        33.745650
    735.000000         0.046012        33.818820
    736.000000         0.046048        33.891328
    737.000000         0.046085        33.964645
    738.000000         0.046122        34.038036
    739.000000         0.046158        34.110762
    740.000000         0.046195        34.184300
    741.000000         0.046231        34.257171
    742.000000         0.046268        34.330856
    743.000000         0.046304        34.403872
    744.000000         0.046340        34.476960
    745.000000         0.046377        34.550865
    746.000000         0.046413        34.624098
    747.000000         0.046449        34.697403
    748.000000         0.046485        34.770780
    749.000000         0.046522        34.844978
    750.000000         0.046558        34.918500
    751.000000         0.046594        34.992094
    752.000000         0.046630        35.065760
    753.000000         0.046666        35.139498
    754.000000         0.046701        35.212554
    755.000000         0.046737        35.286435
    756.000000         0.046773        35.360388
    757.000000         0.046809        35.434413
    758.000000         0.046845        35.508510
    759.000000         0.046880        35.581920
    760.000000         0.046916        35.656160
    761.000000         0.046952        35.730472
    762.000000         0.046987        35.804094
    763.000000         0.047023        35.878549
    764.000000         0.047058        35.952312
    765.000000         0.047093        36.026145
    766.000000         0.047129        36.100814
    767.000000         0.047164        36.174788
    768.000000         0.047199        36.248832
    769.000000         0.047235        36.323715
    770.000000         0.047270        36.397900
    771.000000         0.047305        36.472155
    772.000000         0.047340        36.546480
    773.000000         0.047375        36.620875
    774.000000         0.047410        36.695340
    775.000000         0.047445        36.769875
    776.000000         0.047480        36.844480
    777.000000         0.047515        36.919155
    778.000000         0.047550        36.993900
    779.000000         0.047585        37.068715
    780.000000         0.047620        37.143600
    781.000000         0.047654        37.217774
    782.000000         0.047689        37.292798
    783.000000         0.047724        37.367892
    784.000000         0.047758        37.442272
    785.000000         0.047793        37.517505
    786.000000         0.047827        37.592022
    787.000000         0.047862        37.667394
    788.000000         0.047896        37.742048
    789.000000         0.047931        37.817559
    790.000000         0.047965        37.892350
    791.000000         0.047999        37.967209
    792.000000         0.048033        38.042136
    793.000000         0.048068        38.117924
    794.000000         0.048102        38.192988
    795.000000         0.048136        38.268120
    796.000000         0.048170        38.343320
    797.000000         0.048204        38.418588
    798.000000         0.048238        38.493924
    799.000000         0.048272        38.569328
    800.000000         0.048306        38.644800
    801.000000         0.048340        38.720340
    802.000000         0.048374        38.795948
    803.000000         0.048408        38.871624
    804.000000         0.048442        38.947368
    805.000000         0.048475        39.022375
    806.000000         0.048509        39.098254
    807.000000         0.048543        39.174201
    808.000000         0.048576        39.249408
    809.000000         0.048610        39.325490
    810.000000         0.048643        39.400830
    811.000000         0.048677        39.477047
    812.000000         0.048710        39.552520
    813.000000         0.048744        39.628872
    814.000000         0.048777        39.704478
    815.000000         0.048811        39.780965
    816.000000         0.048844        39.856704
    817.000000         0.048877        39.932509
    818.000000         0.048910        40.008380
    819.000000         0.048944        40.085136
    820.000000         0.048977        40.161140
    821.000000         0.049010        40.237210
    822.000000         0.049043        40.313346
    823.000000         0.049076        40.389548
    824.000000         0.049109        40.465816
    825.000000         0.049142        40.542150
    826.000000         0.049175        40.618550
    827.000000         0.049208        40.695016
    828.000000         0.049241        40.771548
    829.000000         0.049273        40.847317
    830.000000         0.049306        40.923980
    831.000000         0.049339        41.000709
    832.000000         0.049372        41.077504
    833.000000         0.049404        41.153532
    834.000000         0.049437        41.230458
    835.000000         0.049470        41.307450
    836.000000         0.049502        41.383672
    837.000000         0.049535        41.460795
    838.000000         0.049567        41.537146
    839.000000         0.049600        41.614400
    840.000000         0.049632        41.690880
    841.000000         0.049664        41.767424
    842.000000         0.049697        41.844874
    843.000000         0.049729        41.921547
    844.000000         0.049761        41.998284
    845.000000         0.049793        42.075085
    846.000000         0.049826        42.152796
    847.000000         0.049858        42.229726
    848.000000         0.049890        42.306720
    849.000000         0.049922        42.383778
    850.000000         0.049954        42.460900
    851.000000         0.049986        42.538086
    852.000000         0.050018        42.615336
    853.000000         0.050050        42.692650
    854.000000         0.050082        42.770028
    855.000000         0.050114        42.847470
    856.000000         0.050145        42.924120
    857.000000         0.050177        43.001689
    858.000000         0.050209        43.079322
    859.000000         0.050241        43.157019
    860.000000         0.050272        43.233920
    861.000000         0.050304        43.311744
    862.000000         0.050336        43.389632
    863.000000         0.050367        43.466721
    864.000000         0.050399        43.544736
    865.000000         0.050430        43.621950
    866.000000         0.050462        43.700092
    867.000000         0.050493        43.777431
    868.000000         0.050525        43.855700
    869.000000         0.050556        43.933164
    870.000000         0.050587        44.010690
    871.000000         0.050619        44.089149
    872.000000         0.050650        44.166800
    873.000000         0.050681        44.244513
    874.000000         0.050712        44.322288
    875.000000         0.050743        44.400125
    876.000000         0.050775        44.478900
    877.000000         0.050806        44.556862
    878.000000         0.050837        44.634886
    879.000000         0.050868        44.712972
    880.000000         0.050899        44.791120
    881.000000         0.050930        44.869330
    882.000000         0.050961        44.947602
    883.000000         0.050991        45.025053
    884.000000         0.051022        45.103448
    885.000000         0.051053        45.181905
    886.000000         0.051084        45.260424
    887.000000         0.051115        45.339005
    888.000000         0.051145        45.416760
    889.000000         0.051176        45.495464
    890.000000         0.051207        45.574230
    891.000000         0.051237        45.652167
    892.000000         0.051268        45.731056
    893.000000         0.051299        45.810007
    894.000000         0.051329        45.888126
    895.000000         0.051360        45.967200
    896.000000         0.051390        46.045440
    897.000000         0.051420        46.123740
    898.000000         0.051451        46.202998
    899.000000         0.051481        46.281419
    900.000000         0.051512        46.360800
    901.000000         0.051542        46.439342
    902.000000         0.051572        46.517944
    903.000000         0.051602        46.596606
    904.000000         0.051633        46.676232
    905.000000         0.051663        46.755015
    906.000000         0.051693        46.833858
    907.000000         0.051723        46.912761
    908.000000         0.051753        46.991724
    909.000000         0.051783        47.070747
    910.000000         0.051813        47.149830
    911.000000         0.051843        47.228973
    912.000000         0.051873        47.308176
    913.000000         0.051903        47.387439
    914.000000         0.051933        47.466762
    915.000000         0.051963        47.546145
    916.000000         0.051992        47.624672
    917.000000         0.052022        47.704174
    918.000000         0.052052        47.783736
    919.000000         0.052082        47.863358
    920.000000         0.052111        47.942120
    921.000000         0.052141        48.021861
    922.000000         0.052171        48.101662
    923.000000         0.052200        48.180600
    924.000000         0.052230        48.260520
    925.000000         0.052259        48.339575
    926.000000         0.052289        48.419614
    927.000000         0.052318        48.498786
    928.000000         0.052348        48.578944
    929.000000         0.052377        48.658233
    930.000000         0.052407        48.738510
    931.000000         0.052436        48.817916
    932.000000         0.052465        48.897380
    933.000000         0.052495        48.977835
    934.000000         0.052524        49.057416
    935.000000         0.052553        49.137055
    936.000000         0.052582        49.216752
    937.000000         0.052612        49.297444
    938.000000         0.052641        49.377258
    939.000000         0.052670        49.457130
    940.000000         0.052699        49.537060
    941.000000         0.052728        49.617048
    942.000000         0.052757        49.697094
    943.000000         0.052786        49.777198
    944.000000         0.052815        49.857360
    945.000000         0.052844        49.937580
    946.000000         0.052873        50.017858
    947.000000         0.052902        50.098194
    948.000000         0.052931        50.178588
    949.000000         0.052959        50.258091
    950.000000         0.052988        50.338600
    951.000000         0.053017        50.419167
    952.000000         0.053046        50.499792
    953.000000         0.053074        50.579522
    954.000000         0.053103        50.660262
    955.000000         0.053132        50.741060
    956.000000         0.053160        50.820960
    957.000000         0.053189        50.901873
    958.000000         0.053217        50.981886
    959.000000         0.053246        51.062914
    960.000000         0.053275        51.144000
    961.000000         0.053303        51.224183
    962.000000         0.053331        51.304422
    963.000000         0.053360        51.385680
    964.000000         0.053388        51.466032
    965.000000         0.053417        51.547405
    966.000000         0.053445        51.627870
    967.000000         0.053473        51.708391
    968.000000         0.053502        51.789936
    969.000000         0.053530        51.870570
    970.000000         0.053558        51.951260
    971.000000         0.053586        52.032006
    972.000000         0.053614        52.112808
    973.000000         0.053642        52.193666
    974.000000         0.053671        52.275554
    975.000000         0.053699        52.356525
    976.000000         0.053727        52.437552
    977.000000         0.053755        52.518635
    978.000000         0.053783        52.599774
    979.000000         0.053811        52.680969
    980.000000         0.053839        52.762220
    981.000000         0.053867        52.843527
    982.000000         0.053894        52.923908
    983.000000         0.053922        53.005326
    984.000000         0.053950        53.086800
    985.000000         0.053978        53.168330
    986.000000         0.054006        53.249916
    987.000000         0.054033        53.330571
    988.000000         0.054061        53.412268
    989.000000         0.054089        53.494021
    990.000000         0.054117        53.575830
    991.000000         0.054144        53.656704
    992.000000         0.054172        53.738624
    993.000000         0.054199        53.819607
    994.000000         0.054227        53.901638
    995.000000         0.054254        53.982730
    996.000000         0.054282        54.064872
    997.000000         0.054309        54.146073
    998.000000         0.054337        54.228326
    999.000000         0.054364        54.309636
   1000.000000         0.054392        54.392000
   1001.000000         0.054419        54.473419
   1002.000000         0.054446        54.554892
   1003.000000         0.054474        54.637422
   1004.000000         0.054501        54.719004
   1005.000000         0.054528        54.800640
   1006.000000         0.054556        54.883336
   1007.000000         0.054583        54.965081
   1008.000000         0.054610        55.046880
   1009.000000         0.054637        55.128733
   1010.000000         0.054664        55.210640
   1011.000000         0.054691        55.292601
   1012.000000         0.054718        55.374616
   1013.000000         0.054746        55.457698
   1014.000000         0.054773        55.539822
   1015.000000         0.054800        55.622000
   1016.000000         0.054827        55.704232
   1017.000000         0.054854        55.786518
   1018.000000         0.054880        55.867840
   1019.000000         0.054907        55.950233
   1020.000000         0.054934        56.032680
   1021.000000         0.054961        56.115181
   1022.000000         0.054988        56.197736
   1023.000000         0.055015        56.280345
   1024.000000         0.055041        56.361984
   1025.000000         0.055068        56.444700
   1026.000000         0.055095        56.527470
   1027.000000         0.055122        56.610294
   1028.000000         0.055148        56.692144
   1029.000000         0.055175        56.775075
   1030.000000         0.055202        56.858060
   1031.000000         0.055228        56.940068
   1032.000000         0.055255        57.023160
   1033.000000         0.055281        57.105273
   1034.000000         0.055308        57.188472
   1035.000000         0.055334        57.270690
   1036.000000         0.055361        57.353996
   1037.000000         0.055387        57.436319
   1038.000000         0.055414        57.519732
   1039.000000         0.055440        57.602160
   1040.000000         0.055466        57.684640
   1041.000000         0.055493        57.768213
   1042.000000         0.055519        57.850798
   1043.000000         0.055545        57.933435
   1044.000000         0.055572        58.017168
   1045.000000         0.055598        58.099910
   1046.000000         0.055624        58.182704
   1047.000000         0.055650        58.265550
   1048.000000         0.055677        58.349496
   1049.000000         0.055703        58.432447
   1050.000000         0.055729        58.515450
   1051.000000         0.055755        58.598505
   1052.000000         0.055781        58.681612
   1053.000000         0.055807        58.764771
   1054.000000         0.055833        58.847982
   1055.000000         0.055859        58.931245
   1056.000000         0.055885        59.014560
   1057.000000         0.055911        59.097927
   1058.000000         0.055937        59.181346
   1059.000000         0.055963        59.264817
   1060.000000         0.055989        59.348340
   1061.000000         0.056015        59.431915
   1062.000000         0.056041        59.515542
   1063.000000         0.056066        59.598158
   1064.000000         0.056092        59.681888
   1065.000000         0.056118        59.765670
   1066.000000         0.056144        59.849504
   1067.000000         0.056170        59.933390
   1068.000000         0.056195        60.016260
   1069.000000         0.056221        60.100249
   1070.000000         0.056247        60.184290
   1071.000000         0.056272        60.267312
   1072.000000         0.056298        60.351456
   1073.000000         0.056323        60.434579
   1074.000000         0.056349        60.518826
   1075.000000         0.056375        60.603125
   1076.000000         0.056400        60.686400
   1077.000000         0.056426        60.770802
   1078.000000         0.056451        60.854178
   1079.000000         0.056476        60.937604
   1080.000000         0.056502        61.022160
   1081.000000         0.056527        61.105687
   1082.000000         0.056553        61.190346
   1083.000000         0.056578        61.273974
   1084.000000         0.056603        61.357652
   1085.000000         0.056629        61.442465
   1086.000000         0.056654        61.526244
   1087.000000         0.056679        61.610073
   1088.000000         0.056704        61.693952
   1089.000000         0.056730        61.778970
   1090.000000         0.056755        61.862950
   1091.000000         0.056780        61.946980
   1092.000000         0.056805        62.031060
   1093.000000         0.056830        62.115190
   1094.000000         0.056855        62.199370
   1095.000000         0.056881        62.284695
   1096.000000         0.056906        62.368976
   1097.000000         0.056931        62.453307
   1098.000000         0.056956        62.537688
   1099.000000         0.056981        62.622119
   1100.000000         0.057006        62.706600
   1101.000000         0.057031        62.791131
   1102.000000         0.057056        62.875712
   1103.000000         0.057080        62.959240
   1104.000000         0.057105        63.043920
   1105.000000         0.057130        63.128650
   1106.000000         0.057155        63.213430
   1107.000000         0.057180        63.298260
   1108.000000         0.057205        63.383140
   1109.000000         0.057230        63.468070
   1110.000000         0.057254        63.551940
   1111.000000         0.057279        63.636969
   1112.000000         0.057304        63.722048
   1113.000000         0.057328        63.806064
   1114.000000         0.057353        63.891242
   1115.000000         0.057378        63.976470
   1116.000000         0.057402        64.060632
   1117.000000         0.057427        64.145959
   1118.000000         0.057452        64.231336
   1119.000000         0.057476        64.315644
   1120.000000         0.057501        64.401120
   1121.000000         0.057525        64.485525
   1122.000000         0.057550        64.571100
   1123.000000         0.057574        64.655602
   1124.000000         0.057599        64.741276
   1125.000000         0.057623        64.825875
   1126.000000         0.057647        64.910522
   1127.000000         0.057672        64.996344
   1128.000000         0.057696        65.081088
   1129.000000         0.057721        65.167009
   1130.000000         0.057745        65.251850
   1131.000000         0.057769        65.336739
   1132.000000         0.057794        65.422808
   1133.000000         0.057818        65.507794
   1134.000000         0.057842        65.592828
   1135.000000         0.057866        65.677910
   1136.000000         0.057890        65.763040
   1137.000000         0.057915        65.849355
   1138.000000         0.057939        65.934582
   1139.000000         0.057963        66.019857
   1140.000000         0.057987        66.105180
   1141.000000         0.058011        66.190551
   1142.000000         0.058035        66.275970
   1143.000000         0.058059        66.361437
   1144.000000         0.058083        66.446952
   1145.000000         0.058107        66.532515
   1146.000000         0.058131        66.618126
   1147.000000         0.058155        66.703785
   1148.000000         0.058179        66.789492
   1149.000000         0.058203        66.875247
   1150.000000         0.058227        66.961050
   1151.000000         0.058251        67.046901
   1152.000000         0.058275        67.132800
   1153.000000         0.058299        67.218747
   1154.000000         0.058323        67.304742
   1155.000000         0.058346        67.389630
   1156.000000         0.058370        67.475720
   1157.000000         0.058394        67.561858
   1158.000000         0.058418        67.648044
   1159.000000         0.058442        67.734278
   1160.000000         0.058465        67.819400
   1161.000000         0.058489        67.905729
   1162.000000         0.058513        67.992106
   1163.000000         0.058536        68.077368
   1164.000000         0.058560        68.163840
   1165.000000         0.058584        68.250360
   1166.000000         0.058607        68.335762
   1167.000000         0.058631        68.422377
   1168.000000         0.058654        68.507872
   1169.000000         0.058678        68.594582
   1170.000000         0.058701        68.680170
   1171.000000         0.058725        68.766975
   1172.000000         0.058748        68.852656
   1173.000000         0.058772        68.939556
   1174.000000         0.058795        69.025330
   1175.000000         0.058819        69.112325
   1176.000000         0.058842        69.198192
   1177.000000         0.058865        69.284105
   1178.000000         0.058889        69.371242
   1179.000000         0.058912        69.457248
   1180.000000         0.058935        69.543300
   1181.000000         0.058959        69.630579
   1182.000000         0.058982        69.716724
   1183.000000         0.059005        69.802915
   1184.000000         0.059029        69.890336
   1185.000000         0.059052        69.976620
   1186.000000         0.059075        70.062950
   1187.000000         0.059098        70.149326
   1188.000000         0.059121        70.235748
   1189.000000         0.059145        70.323405
   1190.000000         0.059168        70.409920
   1191.000000         0.059191        70.496481
   1192.000000         0.059214        70.583088
   1193.000000         0.059237        70.669741
   1194.000000         0.059260        70.756440
   1195.000000         0.059283        70.843185
   1196.000000         0.059306        70.929976
   1197.000000         0.059329        71.016813
   1198.000000         0.059352        71.103696
   1199.000000         0.059375        71.190625
   1200.000000         0.059398        71.277600
   1201.000000         0.059421        71.364621
   1202.000000         0.059444        71.451688
   1203.000000         0.059467        71.538801
   1204.000000         0.059490        71.625960
   1205.000000         0.059512        71.711960
   1206.000000         0.059535        71.799210
   1207.000000         0.059558        71.886506
   1208.000000         0.059581        71.973848
   1209.000000         0.059604        72.061236
   1210.000000         0.059626        72.147460
   1211.000000         0.059649        72.234939
   1212.000000         0.059672        72.322464
   1213.000000         0.059695        72.410035
   1214.000000         0.059717        72.496438
   1215.000000         0.059740        72.584100
   1216.000000         0.059763        72.671808
   1217.000000         0.059785        72.758345
   1218.000000         0.059808        72.846144
   1219.000000         0.059830        72.932770
   1220.000000         0.059853        73.020660
   1221.000000         0.059875        73.107375
   1222.000000         0.059898        73.195356
   1223.000000         0.059921        73.283383
   1224.000000         0.059943        73.370232
   1225.000000         0.059966        73.458350
   1226.000000         0.059988        73.545288
   1227.000000         0.060010        73.632270
   1228.000000         0.060033        73.720524
   1229.000000         0.060055        73.807595
   1230.000000         0.060078        73.895940
   1231.000000         0.060100        73.983100
   1232.000000         0.060122        74.070304
   1233.000000         0.060145        74.158785
   1234.000000         0.060167        74.246078
   1235.000000         0.060189        74.333415
   1236.000000         0.060212        74.422032
   1237.000000         0.060234        74.509458
   1238.000000         0.060256        74.596928
   1239.000000         0.060278        74.684442
   1240.000000         0.060301        74.773240
   1241.000000         0.060323        74.860843
   1242.000000         0.060345        74.948490
   1243.000000         0.060367        75.036181
   1244.000000         0.060389        75.123916
   1245.000000         0.060412        75.212940
   1246.000000         0.060434        75.300764
   1247.000000         0.060456        75.388632
   1248.000000         0.060478        75.476544
   1249.000000         0.060500        75.564500
   1250.000000         0.060522        75.652500
   1251.000000         0.060544        75.740544
   1252.000000         0.060566        75.828632
   1253.000000         0.060588        75.916764
   1254.000000         0.060610        76.004940
   1255.000000         0.060632        76.093160
   1256.000000         0.060654        76.181424
   1257.000000         0.060676        76.269732
   1258.000000         0.060698        76.358084
   1259.000000         0.060720        76.446480
   1260.000000         0.060741        76.533660
   1261.000000         0.060763        76.622143
   1262.000000         0.060785        76.710670
   1263.000000         0.060807        76.799241
   1264.000000         0.060829        76.887856
   1265.000000         0.060851        76.976515
   1266.000000         0.060872        77.063952
   1267.000000         0.060894        77.152698
   1268.000000         0.060916        77.241488
   1269.000000         0.060938        77.330322
   1270.000000         0.060959        77.417930
   1271.000000         0.060981        77.506851
   1272.000000         0.061003        77.595816
   1273.000000         0.061024        77.683552
   1274.000000         0.061046        77.772604
   1275.000000         0.061068        77.861700
   1276.000000         0.061089        77.949564
   1277.000000         0.061111        78.038747
   1278.000000         0.061132        78.126696
   1279.000000         0.061154        78.215966
   1280.000000         0.061175        78.304000
   1281.000000         0.061197        78.393357
   1282.000000         0.061218        78.481476
   1283.000000         0.061240        78.570920
   1284.000000         0.061261        78.659124
   1285.000000         0.061283        78.748655
   1286.000000         0.061304        78.836944
   1287.000000         0.061326        78.926562
   1288.000000         0.061347        79.014936
   1289.000000         0.061369        79.104641
   1290.000000         0.061390        79.193100
   1291.000000         0.061411        79.281601
   1292.000000         0.061433        79.371436
   1293.000000         0.061454        79.460022
   1294.000000         0.061475        79.548650
   1295.000000         0.061497        79.638615
   1296.000000         0.061518        79.727328
   1297.000000         0.061539        79.816083
   1298.000000         0.061560        79.904880
   1299.000000         0.061582        79.995018
   1300.000000         0.061603        80.083900
   1301.000000         0.061624        80.172824
   1302.000000         0.061645        80.261790
   1303.000000         0.061666        80.350798
   1304.000000         0.061687        80.439848
   1305.000000         0.061709        80.530245
   1306.000000         0.061730        80.619380
   1307.000000         0.061751        80.708557
   1308.000000         0.061772        80.797776
   1309.000000         0.061793        80.887037
   1310.000000         0.061814        80.976340
   1311.000000         0.061835        81.065685
   1312.000000         0.061856        81.155072
   1313.000000         0.061877        81.244501
   1314.000000         0.061898        81.333972
   1315.000000         0.061919        81.423485
   1316.000000         0.061940        81.513040
   1317.000000         0.061961        81.602637
   1318.000000         0.061982        81.692276
   1319.000000         0.062003        81.781957
   1320.000000         0.062024        81.871680
   1321.000000         0.062045        81.961445
   1322.000000         0.062065        82.049930
   1323.000000         0.062086        82.139778
   1324.000000         0.062107        82.229668
   1325.000000         0.062128        82.319600
   1326.000000         0.062149        82.409574
   1327.000000         0.062170        82.499590
   1328.000000         0.062190        82.588320
   1329.000000         0.062211        82.678419
   1330.000000         0.062232        82.768560
   1331.000000         0.062253        82.858743
   1332.000000         0.062273        82.947636
   1333.000000         0.062294        83.037902
   1334.000000         0.062315        83.128210
   1335.000000         0.062335        83.217225
   1336.000000         0.062356        83.307616
   1337.000000         0.062377        83.398049
   1338.000000         0.062397        83.487186
   1339.000000         0.062418        83.577702
   1340.000000         0.062438        83.666920
   1341.000000         0.062459        83.757519
   1342.000000         0.062480        83.848160
   1343.000000         0.062500        83.937500
   1344.000000         0.062521        84.028224
   1345.000000         0.062541        84.117645
   1346.000000         0.062562        84.208452
   1347.000000         0.062582        84.297954
   1348.000000         0.062603        84.388844
   1349.000000         0.062623        84.478427
   1350.000000         0.062644        84.569400
   1351.000000         0.062664        84.659064
   1352.000000         0.062684        84.748768
   1353.000000         0.062705        84.839865
   1354.000000         0.062725        84.929650
   1355.000000         0.062746        85.020830
   1356.000000         0.062766        85.110696
   1357.000000         0.062786        85.200602
   1358.000000         0.062807        85.291906
   1359.000000         0.062827        85.381893
   1360.000000         0.062847        85.471920
   1361.000000         0.062867        85.561987
   1362.000000         0.062888        85.653456
   1363.000000         0.062908        85.743604
   1364.000000         0.062928        85.833792
   1365.000000         0.062948        85.924020
   1366.000000         0.062969        86.015654
   1367.000000         0.062989        86.105963
   1368.000000         0.063009        86.196312
   1369.000000         0.063029        86.286701
   1370.000000         0.063049        86.377130
   1371.000000         0.063069        86.467599
   1372.000000         0.063090        86.559480
   1373.000000         0.063110        86.650030
   1374.000000         0.063130        86.740620
   1375.000000         0.063150        86.831250
   1376.000000         0.063170        86.921920
   1377.000000         0.063190        87.012630
   1378.000000         0.063210        87.103380
   1379.000000         0.063230        87.194170
   1380.000000         0.063250        87.285000
   1381.000000         0.063270        87.375870
   1382.000000         0.063290        87.466780
   1383.000000         0.063310        87.557730
   1384.000000         0.063330        87.648720
   1385.000000         0.063350        87.739750
   1386.000000         0.063370        87.830820
   1387.000000         0.063390        87.921930
   1388.000000         0.063410        88.013080
   1389.000000         0.063429        88.102881
   1390.000000         0.063449        88.194110
   1391.000000         0.063469        88.285379
   1392.000000         0.063489        88.376688
   1393.000000         0.063509        88.468037
   1394.000000         0.063529        88.559426
   1395.000000         0.063548        88.649460
   1396.000000         0.063568        88.740928
   1397.000000         0.063588        88.832436
   1398.000000         0.063608        88.923984
   1399.000000         0.063627        89.014173
   1400.000000         0.063647        89.105800
   1401.000000         0.063667        89.197467
   1402.000000         0.063687        89.289174
   1403.000000         0.063706        89.379518
   1404.000000         0.063726        89.471304
   1405.000000         0.063746        89.563130
   1406.000000         0.063765        89.653590
   1407.000000         0.063785        89.745495
   1408.000000         0.063804        89.836032
   1409.000000         0.063824        89.928016
   1410.000000         0.063844        90.020040
   1411.000000         0.063863        90.110693
   1412.000000         0.063883        90.202796
   1413.000000         0.063902        90.293526
   1414.000000         0.063922        90.385708
   1415.000000         0.063941        90.476515
   1416.000000         0.063961        90.568776
   1417.000000         0.063980        90.659660
   1418.000000         0.064000        90.752000
   1419.000000         0.064019        90.842961
   1420.000000         0.064039        90.935380
   1421.000000         0.064058        91.026418
   1422.000000         0.064078        91.118916
   1423.000000         0.064097        91.210031
   1424.000000         0.064116        91.301184
   1425.000000         0.064136        91.393800
   1426.000000         0.064155        91.485030
   1427.000000         0.064174        91.576298
   1428.000000         0.064194        91.669032
   1429.000000         0.064213        91.760377
   1430.000000         0.064232        91.851760
   1431.000000         0.064252        91.944612
   1432.000000         0.064271        92.036072
   1433.000000         0.064290        92.127570
   1434.000000         0.064310        92.220540
   1435.000000         0.064329        92.312115
   1436.000000         0.064348        92.403728
   1437.000000         0.064367        92.495379
   1438.000000         0.064387        92.588506
   1439.000000         0.064406        92.680234
   1440.000000         0.064425        92.772000
   1441.000000         0.064444        92.863804
   1442.000000         0.064463        92.955646
   1443.000000         0.064482        93.047526
   1444.000000         0.064502        93.140888
   1445.000000         0.064521        93.232845
   1446.000000         0.064540        93.324840
   1447.000000         0.064559        93.416873
   1448.000000         0.064578        93.508944
   1449.000000         0.064597        93.601053
   1450.000000         0.064616        93.693200
   1451.000000         0.064635        93.785385
   1452.000000         0.064654        93.877608
   1453.000000         0.064673        93.969869
   1454.000000         0.064692        94.062168
   1455.000000         0.064711        94.154505
   1456.000000         0.064730        94.246880
   1457.000000         0.064749        94.339293
   1458.000000         0.064768        94.431744
   1459.000000         0.064787        94.524233
   1460.000000         0.064806        94.616760
   1461.000000         0.064825        94.709325
   1462.000000         0.064844        94.801928
   1463.000000         0.064863        94.894569
   1464.000000         0.064881        94.985784
   1465.000000         0.064900        95.078500
   1466.000000         0.064919        95.171254
   1467.000000         0.064938        95.264046
   1468.000000         0.064957        95.356876
   1469.000000         0.064976        95.449744
   1470.000000         0.064994        95.541180
   1471.000000         0.065013        95.634123
   1472.000000         0.065032        95.727104
   1473.000000         0.065051        95.820123
   1474.000000         0.065070        95.913180
   1475.000000         0.065088        96.004800
   1476.000000         0.065107        96.097932
   1477.000000         0.065126        96.191102
   1478.000000         0.065144        96.282832
   1479.000000         0.065163        96.376077
   1480.000000         0.065182        96.469360
   1481.000000         0.065200        96.561200
   1482.000000         0.065219        96.654558
   1483.000000         0.065238        96.747954
   1484.000000         0.065256        96.839904
   1485.000000         0.065275        96.933375
   1486.000000         0.065294        97.026884
   1487.000000         0.065312        97.118944
   1488.000000         0.065331        97.212528
   1489.000000         0.065349        97.304661
   1490.000000         0.065368        97.398320
   1491.000000         0.065386        97.490526
   1492.000000         0.065405        97.584260
   1493.000000         0.065423        97.676539
   1494.000000         0.065442        97.770348
   1495.000000         0.065460        97.862700
   1496.000000         0.065479        97.956584
   1497.000000         0.065497        98.049009
   1498.000000         0.065516        98.142968
   1499.000000         0.065534        98.235466
   1500.000000         0.065553        98.329500
   1501.000000         0.065571        98.422071
   1502.000000         0.065589        98.514678
   1503.000000         0.065608        98.608824
   1504.000000         0.065626        98.701504
   1505.000000         0.065645        98.795725
   1506.000000         0.065663        98.888478
   1507.000000         0.065681        98.981267
   1508.000000         0.065700        99.075600
   1509.000000         0.065718        99.168462
   1510.000000         0.065736        99.261360
   1511.000000         0.065755        99.355805
   1512.000000         0.065773        99.448776
   1513.000000         0.065791        99.541783
   1514.000000         0.065809        99.634826
   1515.000000         0.065828        99.729420
   1516.000000         0.065846        99.822536
   1517.000000         0.065864        99.915688
   1518.000000         0.065882       100.008876
   1519.000000         0.065901       100.103619
   1520.000000         0.065919       100.196880
   1521.000000         0.065937       100.290177
   1522.000000         0.065955       100.383510
   1523.000000         0.065973       100.476879
   1524.000000         0.065991       100.570284
   1525.000000         0.066009       100.663725
   1526.000000         0.066028       100.758728
   1527.000000         0.066046       100.852242
   1528.000000         0.066064       100.945792
   1529.000000         0.066082       101.039378
   1530.000000         0.066100       101.133000
   1531.000000         0.066118       101.226658
   1532.000000         0.066136       101.320352
   1533.000000         0.066154       101.414082
   1534.000000         0.066172       101.507848
   1535.000000         0.066190       101.601650
   1536.000000         0.066208       101.695488
   1537.000000         0.066226       101.789362
   1538.000000         0.066244       101.883272
   1539.000000         0.066262       101.977218
   1540.000000         0.066280       102.071200
   1541.000000         0.066298       102.165218
   1542.000000         0.066316       102.259272
   1543.000000         0.066334       102.353362
   1544.000000         0.066352       102.447488
   1545.000000         0.066370       102.541650
   1546.000000         0.066388       102.635848
   1547.000000         0.066405       102.728535
   1548.000000         0.066423       102.822804
   1549.000000         0.066441       102.917109
   1550.000000         0.066459       103.011450
   1551.000000         0.066477       103.105827
   1552.000000         0.066495       103.200240
   1553.000000         0.066512       103.293136
   1554.000000         0.066530       103.387620
   1555.000000         0.066548       103.482140
   1556.000000         0.066566       103.576696
   1557.000000         0.066584       103.671288
   1558.000000         0.066601       103.764358
   1559.000000         0.066619       103.859021
   1560.000000         0.066637       103.953720
   1561.000000         0.066654       104.046894
   1562.000000         0.066672       104.141664
   1563.000000         0.066690       104.236470
   1564.000000         0.066708       104.331312
   1565.000000         0.066725       104.424625
   1566.000000         0.066743       104.519538
   1567.000000         0.066761       104.614487
   1568.000000         0.066778       104.707904
   1569.000000         0.066796       104.802924
   1570.000000         0.066813       104.896410
   1571.000000         0.066831       104.991501
   1572.000000         0.066849       105.086628
   1573.000000         0.066866       105.180218
   1574.000000         0.066884       105.275416
   1575.000000         0.066901       105.369075
   1576.000000         0.066919       105.464344
   1577.000000         0.066936       105.558072
   1578.000000         0.066954       105.653412
   1579.000000         0.066971       105.747209
   1580.000000         0.066989       105.842620
   1581.000000         0.067007       105.938067
   1582.000000         0.067024       106.031968
   1583.000000         0.067041       106.125903
   1584.000000         0.067059       106.221456
   1585.000000         0.067076       106.315460
   1586.000000         0.067094       106.411084
   1587.000000         0.067111       106.505157
   1588.000000         0.067129       106.600852
   1589.000000         0.067146       106.694994
   1590.000000         0.067163       106.789170
   1591.000000         0.067181       106.884971
   1592.000000         0.067198       106.979216
   1593.000000         0.067216       107.075088
   1594.000000         0.067233       107.169402
   1595.000000         0.067250       107.263750
   1596.000000         0.067268       107.359728
   1597.000000         0.067285       107.454145
   1598.000000         0.067302       107.548596
   1599.000000         0.067320       107.644680
   1600.000000         0.067337       107.739200
   1601.000000         0.067354       107.833754
   1602.000000         0.067371       107.928342
   1603.000000         0.067389       108.024567
   1604.000000         0.067406       108.119224
   1605.000000         0.067423       108.213915
   1606.000000         0.067440       108.308640
   1607.000000         0.067458       108.405006
   1608.000000         0.067475       108.499800
   1609.000000         0.067492       108.594628
   1610.000000         0.067509       108.689490
   1611.000000         0.067526       108.784386
   1612.000000         0.067544       108.880928
   1613.000000         0.067561       108.975893
   1614.000000         0.067578       109.070892
   1615.000000         0.067595       109.165925
   1616.000000         0.067612       109.260992
   1617.000000         0.067629       109.356093
   1618.000000         0.067646       109.451228
   1619.000000         0.067663       109.546397
   1620.000000         0.067680       109.641600
   1621.000000         0.067698       109.738458
   1622.000000         0.067715       109.833730
   1623.000000         0.067732       109.929036
   1624.000000         0.067749       110.024376
   1625.000000         0.067766       110.119750
   1626.000000         0.067783       110.215158
   1627.000000         0.067800       110.310600
   1628.000000         0.067817       110.406076
   1629.000000         0.067834       110.501586
   1630.000000         0.067851       110.597130
   1631.000000         0.067868       110.692708
   1632.000000         0.067885       110.788320
   1633.000000         0.067902       110.883966
   1634.000000         0.067919       110.979646
   1635.000000         0.067935       111.073725
   1636.000000         0.067952       111.169472
   1637.000000         0.067969       111.265253
   1638.000000         0.067986       111.361068
   1639.000000         0.068003       111.456917
   1640.000000         0.068020       111.552800
   1641.000000         0.068037       111.648717
   1642.000000         0.068054       111.744668
   1643.000000         0.068070       111.839010
   1644.000000         0.068087       111.935028
   1645.000000         0.068104       112.031080
   1646.000000         0.068121       112.127166
   1647.000000         0.068138       112.223286
   1648.000000         0.068155       112.319440
   1649.000000         0.068171       112.413979
   1650.000000         0.068188       112.510200
   1651.000000         0.068205       112.606455
   1652.000000         0.068222       112.702744
   1653.000000         0.068238       112.797414
   1654.000000         0.068255       112.893770
   1655.000000         0.068272       112.990160
   1656.000000         0.068289       113.086584
   1657.000000         0.068305       113.181385
   1658.000000         0.068322       113.277876
   1659.000000         0.068339       113.374401
   1660.000000         0.068355       113.469300
   1661.000000         0.068372       113.565892
   1662.000000         0.068389       113.662518
   1663.000000         0.068405       113.757515
   1664.000000         0.068422       113.854208
   1665.000000         0.068439       113.950935
   1666.000000         0.068455       114.046030
   1667.000000         0.068472       114.142824
   1668.000000         0.068488       114.237984
   1669.000000         0.068505       114.334845
   1670.000000         0.068521       114.430070
   1671.000000         0.068538       114.526998
   1672.000000         0.068555       114.623960
   1673.000000         0.068571       114.719283
   1674.000000         0.068588       114.816312
   1675.000000         0.068604       114.911700
   1676.000000         0.068621       115.008796
   1677.000000         0.068637       115.104249
   1678.000000         0.068654       115.201412
   1679.000000         0.068670       115.296930
   1680.000000         0.068687       115.394160
   1681.000000         0.068703       115.489743
   1682.000000         0.068720       115.587040
   1683.000000         0.068736       115.682688
   1684.000000         0.068753       115.780052
   1685.000000         0.068769       115.875765
   1686.000000         0.068785       115.971510
   1687.000000         0.068802       116.068974
   1688.000000         0.068818       116.164784
   1689.000000         0.068835       116.262315
   1690.000000         0.068851       116.358190
   1691.000000         0.068867       116.454097
   1692.000000         0.068884       116.551728
   1693.000000         0.068900       116.647700
   1694.000000         0.068916       116.743704
   1695.000000         0.068933       116.841435
   1696.000000         0.068949       116.937504
   1697.000000         0.068965       117.033605
   1698.000000         0.068982       117.131436
   1699.000000         0.068998       117.227602
   1700.000000         0.069014       117.323800
   1701.000000         0.069031       117.421731
   1702.000000         0.069047       117.517994
   1703.000000         0.069063       117.614289
   1704.000000         0.069079       117.710616
   1705.000000         0.069096       117.808680
   1706.000000         0.069112       117.905072
   1707.000000         0.069128       118.001496
   1708.000000         0.069144       118.097952
   1709.000000         0.069160       118.194440
   1710.000000         0.069177       118.292670
   1711.000000         0.069193       118.389223
   1712.000000         0.069209       118.485808
   1713.000000         0.069225       118.582425
   1714.000000         0.069241       118.679074
   1715.000000         0.069257       118.775755
   1716.000000         0.069274       118.874184
   1717.000000         0.069290       118.970930
   1718.000000         0.069306       119.067708
   1719.000000         0.069322       119.164518
   1720.000000         0.069338       119.261360
   1721.000000         0.069354       119.358234
   1722.000000         0.069370       119.455140
   1723.000000         0.069386       119.552078
   1724.000000         0.069402       119.649048
   1725.000000         0.069418       119.746050
   1726.000000         0.069434       119.843084
   1727.000000         0.069450       119.940150
   1728.000000         0.069466       120.037248
   1729.000000         0.069482       120.134378
   1730.000000         0.069498       120.231540
   1731.000000         0.069514       120.328734
   1732.000000         0.069530       120.425960
   1733.000000         0.069546       120.523218
   1734.000000         0.069562       120.620508
   1735.000000         0.069578       120.717830
   1736.000000         0.069594       120.815184
   1737.000000         0.069610       120.912570
   1738.000000         0.069626       121.009988
   1739.000000         0.069642       121.107438
   1740.000000         0.069658       121.204920
   1741.000000         0.069674       121.302434
   1742.000000         0.069690       121.399980
   1743.000000         0.069706       121.497558
   1744.000000         0.069722       121.595168
   1745.000000         0.069737       121.691065
   1746.000000         0.069753       121.788738
   1747.000000         0.069769       121.886443
   1748.000000         0.069785       121.984180
   1749.000000         0.069801       122.081949
   1750.000000         0.069817       122.179750
   1751.000000         0.069832       122.275832
   1752.000000         0.069848       122.373696
   1753.000000         0.069864       122.471592
   1754.000000         0.069880       122.569520
   1755.000000         0.069896       122.667480
   1756.000000         0.069911       122.763716
   1757.000000         0.069927       122.861739
   1758.000000         0.069943       122.959794
   1759.000000         0.069959       123.057881
   1760.000000         0.069974       123.154240
   1761.000000         0.069990       123.252390
   1762.000000         0.070006       123.350572
   1763.000000         0.070022       123.448786
   1764.000000         0.070037       123.545268
   1765.000000         0.070053       123.643545
   1766.000000         0.070069       123.741854
   1767.000000         0.070084       123.838428
   1768.000000         0.070100       123.936800
   1769.000000         0.070116       124.035204
   1770.000000         0.070131       124.131870
   1771.000000         0.070147       124.230337
   1772.000000         0.070163       124.328836
   1773.000000         0.070178       124.425594
   1774.000000         0.070194       124.524156
   1775.000000         0.070209       124.620975
   1776.000000         0.070225       124.719600
   1777.000000         0.070241       124.818257
   1778.000000         0.070256       124.915168
   1779.000000         0.070272       125.013888
   1780.000000         0.070287       125.110860
   1781.000000         0.070303       125.209643
   1782.000000         0.070318       125.306676
   1783.000000         0.070334       125.405522
   1784.000000         0.070349       125.502616
   1785.000000         0.070365       125.601525
   1786.000000         0.070381       125.700466
   1787.000000         0.070396       125.797652
   1788.000000         0.070412       125.896656
   1789.000000         0.070427       125.993903
   1790.000000         0.070442       126.091180
   1791.000000         0.070458       126.190278
   1792.000000         0.070473       126.287616
   1793.000000         0.070489       126.386777
   1794.000000         0.070504       126.484176
   1795.000000         0.070520       126.583400
   1796.000000         0.070535       126.680860
   1797.000000         0.070551       126.780147
   1798.000000         0.070566       126.877668
   1799.000000         0.070581       126.975219
   1800.000000         0.070597       127.074600
   1801.000000         0.070612       127.172212
   1802.000000         0.070628       127.271656
   1803.000000         0.070643       127.369329
   1804.000000         0.070658       127.467032
   1805.000000         0.070674       127.566570
   1806.000000         0.070689       127.664334
   1807.000000         0.070704       127.762128
   1808.000000         0.070720       127.861760
   1809.000000         0.070735       127.959615
   1810.000000         0.070750       128.057500
   1811.000000         0.070765       128.155415
   1812.000000         0.070781       128.255172
   1813.000000         0.070796       128.353148
   1814.000000         0.070811       128.451154
   1815.000000         0.070827       128.551005
   1816.000000         0.070842       128.649072
   1817.000000         0.070857       128.747169
   1818.000000         0.070872       128.845296
   1819.000000         0.070888       128.945272
   1820.000000         0.070903       129.043460
   1821.000000         0.070918       129.141678
   1822.000000         0.070933       129.239926
   1823.000000         0.070948       129.338204
   1824.000000         0.070964       129.438336
   1825.000000         0.070979       129.536675
   1826.000000         0.070994       129.635044
   1827.000000         0.071009       129.733443
   1828.000000         0.071024       129.831872
   1829.000000         0.071039       129.930331
   1830.000000         0.071055       130.030650
   1831.000000         0.071070       130.129170
   1832.000000         0.071085       130.227720
   1833.000000         0.071100       130.326300
   1834.000000         0.071115       130.424910
   1835.000000         0.071130       130.523550
   1836.000000         0.071145       130.622220
   1837.000000         0.071160       130.720920
   1838.000000         0.071175       130.819650
   1839.000000         0.071190       130.918410
   1840.000000         0.071206       131.019040
   1841.000000         0.071221       131.117861
   1842.000000         0.071236       131.216712
   1843.000000         0.071251       131.315593
   1844.000000         0.071266       131.414504
   1845.000000         0.071281       131.513445
   1846.000000         0.071296       131.612416
   1847.000000         0.071311       131.711417
   1848.000000         0.071326       131.810448
   1849.000000         0.071341       131.909509
   1850.000000         0.071356       132.008600
   1851.000000         0.071371       132.107721
   1852.000000         0.071386       132.206872
   1853.000000         0.071401       132.306053
   1854.000000         0.071415       132.403410
   1855.000000         0.071430       132.502650
   1856.000000         0.071445       132.601920
   1857.000000         0.071460       132.701220
   1858.000000         0.071475       132.800550
   1859.000000         0.071490       132.899910
   1860.000000         0.071505       132.999300
   1861.000000         0.071520       133.098720
   1862.000000         0.071535       133.198170
   1863.000000         0.071550       133.297650
   1864.000000         0.071565       133.397160
   1865.000000         0.071579       133.494835
   1866.000000         0.071594       133.594404
   1867.000000         0.071609       133.694003
   1868.000000         0.071624       133.793632
   1869.000000         0.071639       133.893291
   1870.000000         0.071654       133.992980
   1871.000000         0.071668       134.090828
   1872.000000         0.071683       134.190576
   1873.000000         0.071698       134.290354
   1874.000000         0.071713       134.390162
   1875.000000         0.071728       134.490000
   1876.000000         0.071742       134.587992
   1877.000000         0.071757       134.687889
   1878.000000         0.071772       134.787816
   1879.000000         0.071787       134.887773
   1880.000000         0.071801       134.985880
   1881.000000         0.071816       135.085896
   1882.000000         0.071831       135.185942
   1883.000000         0.071845       135.284135
   1884.000000         0.071860       135.384240
   1885.000000         0.071875       135.484375
   1886.000000         0.071890       135.584540
   1887.000000         0.071904       135.682848
   1888.000000         0.071919       135.783072
   1889.000000         0.071934       135.883326
   1890.000000         0.071948       135.981720
   1891.000000         0.071963       136.082033
   1892.000000         0.071978       136.182376
   1893.000000         0.071992       136.280856
   1894.000000         0.072007       136.381258
   1895.000000         0.072021       136.479795
   1896.000000         0.072036       136.580256
   1897.000000         0.072051       136.680747
   1898.000000         0.072065       136.779370
   1899.000000         0.072080       136.879920
   1900.000000         0.072095       136.980500
