      1.000000         0.000000         0.000000
      2.000000         0.000000         0.000000
      3.000000         0.000000         0.000000
      4.000000         0.000000         0.000000
      5.000000         0.000000         0.000000
      6.000000         0.000000         0.000000
      7.000000         0.000000         0.000000
      8.000000         0.000000         0.000000
      9.000000         0.000000         0.000000
     10.000000         0.000000         0.000000
     11.000000         0.000001         0.000011
     12.000000         0.000001         0.000012
     13.000000         0.000002         0.000026
     14.000000         0.000004         0.000056
     15.000000         0.000006         0.000090
     16.000000         0.000009         0.000144
     17.000000         0.000012         0.000204
     18.000000         0.000017         0.000306
     19.000000         0.000022         0.000418
     20.000000         0.000028         0.000560
     21.000000         0.000035         0.000735
     22.000000         0.000044         0.000968
     23.000000         0.000054         0.001242
     24.000000         0.000065         0.001560
     25.000000         0.000077         0.001925
     26.000000         0.000090         0.002340
     27.000000         0.000105         0.002835
     28.000000         0.000122         0.003416
     29.000000         0.000140         0.004060
     30.000000         0.000159         0.004770
     31.000000         0.000180         0.005580
     32.000000         0.000202         0.006464
     33.000000         0.000226         0.007458
     34.000000         0.000252         0.008568
     35.000000         0.000279         0.009765
     36.000000         0.000308         0.011088
     37.000000         0.000338         0.012506
     38.000000         0.000369         0.014022
     39.000000         0.000402         0.015678
     40.000000         0.000437         0.017480
     41.000000         0.000473         0.019393
     42.000000         0.000511         0.021462
     43.000000         0.000550         0.023650
     44.000000         0.000591         0.026004
     45.000000         0.000633         0.028485
     46.000000         0.000676         0.031096
     47.000000         0.000721         0.033887
     48.000000         0.000767         0.036816
     49.000000         0.000815         0.039935
     50.000000         0.000863         0.043150
     51.000000         0.000914         0.046614
     52.000000         0.000965         0.050180
     53.000000         0.001018         0.053954
     54.000000         0.001072         0.057888
     55.000000         0.001127         0.061985
     56.000000         0.001183         0.066248
     57.000000         0.001241         0.070737
     58.000000         0.001300         0.075400
     59.000000         0.001359         0.080181
     60.000000         0.001421         0.085260
     61.000000         0.001483         0.090463
     62.000000         0.001546         0.095852
     63.000000         0.001610         0.101430
     64.000000         0.001676         0.107264
     65.000000         0.001742         0.113230
     66.000000         0.001810         0.119460
     67.000000         0.001878         0.125826
     68.000000         0.001948         0.132464
     69.000000         0.002018         0.139242
     70.000000         0.002090         0.146300
     71.000000         0.002162         0.153502
     72.000000         0.002236         0.160992
     73.000000         0.002310         0.168630
     74.000000         0.002385         0.176490
     75.000000         0.002461         0.184575
     76.000000         0.002538         0.192888
     77.000000         0.002616         0.201432
     78.000000         0.002694         0.210132
     79.000000         0.002774         0.219146
     80.000000         0.002854         0.228320
     81.000000         0.002935         0.237735
     82.000000         0.003017         0.247394
     83.000000         0.003099         0.257217
     84.000000         0.003183         0.267372
     85.000000         0.003267         0.277695
     86.000000         0.003351         0.288186
     87.000000         0.003437         0.299019
     88.000000         0.003523         0.310024
     89.000000         0.003609         0.321201
     90.000000         0.003697         0.332730
     91.000000         0.003785         0.344435
     92.000000         0.003873         0.356316
     93.000000         0.003963         0.368559
     94.000000         0.004052         0.380888
     95.000000         0.004143         0.393585
     96.000000         0.004234         0.406464
     97.000000         0.004325         0.419525
     98.000000         0.004417         0.432866
     99.000000         0.004510         0.446490
    100.000000         0.004603         0.460300
    101.000000         0.004696         0.474296
    102.000000         0.004790         0.488580
    103.000000         0.004884         0.503052
    104.000000         0.004979         0.517816
    105.000000         0.005074         0.532770
    106.000000         0.005170         0.548020
    107.000000         0.005266         0.563462
    108.000000         0.005362         0.579096
    109.000000         0.005459         0.595031
    110.000000         0.005556         0.611160
    111.000000         0.005654         0.627594
    112.000000         0.005751         0.644112
    113.000000         0.005849         0.660937
    114.000000         0.005948         0.678072
    115.000000         0.006047         0.695405
    116.000000         0.006145         0.712820
    117.000000         0.006245         0.730665
    118.000000         0.006344         0.748592
    119.000000         0.006444         0.766836
    120.000000         0.006544         0.785280
    121.000000         0.006644         0.803924
    122.000000         0.006745         0.822890
    123.000000         0.006845         0.841935
    124.000000         0.006946         0.861304
    125.000000         0.007047         0.880875
    126.000000         0.007148         0.900648
    127.000000         0.007250         0.920750
    128.000000         0.007351         0.940928
    129.000000         0.007453         0.961437
    130.000000         0.007554         0.982020
    131.000000         0.007656         1.002936
    132.000000         0.007758         1.024056
    133.000000         0.007860         1.045380
    134.000000         0.007963         1.067042
    135.000000         0.008065         1.088775
    136.000000         0.008167         1.110712
    137.000000         0.008270         1.132990
    138.000000         0.008372         1.155336
    139.000000         0.008475         1.178025
    140.000000         0.008577         1.200780
    141.000000         0.008680         1.223880
    142.000000         0.008783         1.247186
    143.000000         0.008886         1.270698
    144.000000         0.008988         1.294272
    145.000000         0.009091         1.318195
    146.000000         0.009194         1.342324
    147.000000         0.009297         1.366659
    148.000000         0.009399         1.391052
    149.000000         0.009502         1.415798
    150.000000         0.009605         1.440750
    151.000000         0.009708         1.465908
    152.000000         0.009810         1.491120
    153.000000         0.009913         1.516689
    154.000000         0.010016         1.542464
    155.000000         0.010118         1.568290
    156.000000         0.010221         1.594476
    157.000000         0.010323         1.620711
    158.000000         0.010426         1.647308
    159.000000         0.010528         1.673952
    160.000000         0.010630         1.700800
    161.000000         0.010733         1.728013
    162.000000         0.010835         1.755270
    163.000000         0.010937         1.782731
    164.000000         0.011039         1.810396
    165.000000         0.011141         1.838265
    166.000000         0.011243         1.866338
    167.000000         0.011344         1.894448
    168.000000         0.011446         1.922928
    169.000000         0.011547         1.951443
    170.000000         0.011649         1.980330
    171.000000         0.011750         2.009250
    172.000000         0.011851         2.038372
    173.000000         0.011952         2.067696
    174.000000         0.012053         2.097222
    175.000000         0.012154         2.126950
    176.000000         0.012255         2.156880
    177.000000         0.012355         2.186835
    178.000000         0.012456         2.217168
    179.000000         0.012556         2.247524
    180.000000         0.012656         2.278080
    181.000000         0.012756         2.308836
    182.000000         0.012856         2.339792
    183.000000         0.012956         2.370948
    184.000000         0.013055         2.402120
    185.000000         0.013155         2.433675
    186.000000         0.013254         2.465244
    187.000000         0.013353         2.497011
    188.000000         0.013452         2.528976
    189.000000         0.013551         2.561139
    190.000000         0.013650         2.593500
    191.000000         0.013748         2.625868
    192.000000         0.013847         2.658624
    193.000000         0.013945         2.691385
    194.000000         0.014043         2.724342
    195.000000         0.014141         2.757495
    196.000000         0.014238         2.790648
    197.000000         0.014336         2.824192
    198.000000         0.014433         2.857734
    199.000000         0.014530         2.891470
    200.000000         0.014627         2.925400
    201.000000         0.014724         2.959524
    202.000000         0.014821         2.993842
    203.000000         0.014917         3.028151
    204.000000         0.015013         3.062652
    205.000000         0.015109         3.097345
    206.000000         0.015205         3.132230
    207.000000         0.015301         3.167307
    208.000000         0.015396         3.202368
    209.000000         0.015492         3.237828
    210.000000         0.015587         3.273270
    211.000000         0.015682         3.308902
    212.000000         0.015777         3.344724
    213.000000         0.015871         3.380523
    214.000000         0.015966         3.416724
    215.000000         0.016060         3.452900
    216.000000         0.016154         3.489264
    217.000000         0.016248         3.525816
    218.000000         0.016341         3.562338
    219.000000         0.016435         3.599265
    220.000000         0.016528         3.636160
    221.000000         0.016621         3.673241
    222.000000         0.016714         3.710508
    223.000000         0.016807         3.747961
    224.000000         0.016899         3.785376
    225.000000         0.016991         3.822975
    226.000000         0.017084         3.860984
    227.000000         0.017175         3.898725
    228.000000         0.017267         3.936876
    229.000000         0.017359         3.975211
    230.000000         0.017450         4.013500
    231.000000         0.017541         4.051971
    232.000000         0.017632         4.090624
    233.000000         0.017723         4.129459
    234.000000         0.017813         4.168242
    235.000000         0.017904         4.207440
    236.000000         0.017994         4.246584
    237.000000         0.018084         4.285908
    238.000000         0.018174         4.325412
    239.000000         0.018263         4.364857
    240.000000         0.018352         4.404480
    241.000000         0.018442         4.444522
    242.000000         0.018531         4.484502
    243.000000         0.018619         4.524417
    244.000000         0.018708         4.564752
    245.000000         0.018796         4.605020
    246.000000         0.018884         4.645464
    247.000000         0.018972         4.686084
    248.000000         0.019060         4.726880
    249.000000         0.019148         4.767852
    250.000000         0.019235         4.808750
    251.000000         0.019322         4.849822
    252.000000         0.019409         4.891068
    253.000000         0.019496         4.932488
    254.000000         0.019583         4.974082
    255.000000         0.019669         5.015595
    256.000000         0.019755         5.057280
    257.000000         0.019842         5.099394
    258.000000         0.019927         5.141166
    259.000000         0.020013         5.183367
    260.000000         0.020098         5.225480
    261.000000         0.020184         5.268024
    262.000000         0.020269         5.310478
    263.000000         0.020354         5.353102
    264.000000         0.020438         5.395632
    265.000000         0.020523         5.438595
    266.000000         0.020607         5.481462
    267.000000         0.020691         5.524497
    268.000000         0.020775         5.567700
    269.000000         0.020859         5.611071
    270.000000         0.020942         5.654340
    271.000000         0.021026         5.698046
    272.000000         0.021109         5.741648
    273.000000         0.021192         5.785416
    274.000000         0.021275         5.829350
    275.000000         0.021357         5.873175
    276.000000         0.021440         5.917440
    277.000000         0.021522         5.961594
    278.000000         0.021604         6.005912
    279.000000         0.021686         6.050394
    280.000000         0.021767         6.094760
    281.000000         0.021849         6.139569
    282.000000         0.021930         6.184260
    283.000000         0.022011         6.229113
    284.000000         0.022092         6.274128
    285.000000         0.022173         6.319305
    286.000000         0.022253         6.364358
    287.000000         0.022334         6.409858
    288.000000         0.022414         6.455232
    289.000000         0.022494         6.500766
    290.000000         0.022574         6.546460
    291.000000         0.022653         6.592023
    292.000000         0.022733         6.638036
    293.000000         0.022812         6.683916
    294.000000         0.022891         6.729954
    295.000000         0.022970         6.776150
    296.000000         0.023049         6.822504
    297.000000         0.023127         6.868719
    298.000000         0.023206         6.915388
    299.000000         0.023284         6.961916
    300.000000         0.023362         7.008600
    301.000000         0.023440         7.055440
    302.000000         0.023517         7.102134
    303.000000         0.023595         7.149285
    304.000000         0.023672         7.196288
    305.000000         0.023749         7.243445
    306.000000         0.023826         7.290756
    307.000000         0.023903         7.338221
    308.000000         0.023980         7.385840
    309.000000         0.024056         7.433304
    310.000000         0.024132         7.480920
    311.000000         0.024208         7.528688
    312.000000         0.024284         7.576608
    313.000000         0.024360         7.624680
    314.000000         0.024436         7.672904
    315.000000         0.024511         7.720965
    316.000000         0.024586         7.769176
    317.000000         0.024661         7.817537
    318.000000         0.024736         7.866048
    319.000000         0.024811         7.914709
    320.000000         0.024886         7.963520
    321.000000         0.024960         8.012160
    322.000000         0.025034         8.060948
    323.000000         0.025108         8.109884
    324.000000         0.025182         8.158968
    325.000000         0.025256         8.208200
    326.000000         0.025329         8.257254
    327.000000         0.025403         8.306781
    328.000000         0.025476         8.356128
    329.000000         0.025549         8.405621
    330.000000         0.025622         8.455260
    331.000000         0.025695         8.505045
    332.000000         0.025768         8.554976
    333.000000         0.025840         8.604720
    334.000000         0.025912         8.654608
    335.000000         0.025984         8.704640
    336.000000         0.026056         8.754816
    337.000000         0.026128         8.805136
    338.000000         0.026200         8.855600
    339.000000         0.026271         8.905869
    340.000000         0.026343         8.956620
    341.000000         0.026414         9.007174
    342.000000         0.026485         9.057870
    343.000000         0.026556         9.108708
    344.000000         0.026626         9.159344
    345.000000         0.026697         9.210465
    346.000000         0.026767         9.261382
    347.000000         0.026838         9.312786
    348.000000         0.026908         9.363984
    349.000000         0.026978         9.415322
    350.000000         0.027047         9.466450
    351.000000         0.027117         9.518067
    352.000000         0.027187         9.569824
    353.000000         0.027256         9.621368
    354.000000         0.027325         9.673050
    355.000000         0.027394         9.724870
    356.000000         0.027463         9.776828
    357.000000         0.027532         9.828924
    358.000000         0.027600         9.880800
    359.000000         0.027669         9.933171
    360.000000         0.027737         9.985320
    361.000000         0.027805        10.037605
    362.000000         0.027873        10.090026
    363.000000         0.027941        10.142583
    364.000000         0.028009        10.195276
    365.000000         0.028077        10.248105
    366.000000         0.028144        10.300704
    367.000000         0.028211        10.353437
    368.000000         0.028278        10.406304
    369.000000         0.028345        10.459305
    370.000000         0.028412        10.512440
    371.000000         0.028479        10.565709
    372.000000         0.028546        10.619112
    373.000000         0.028612        10.672276
    374.000000         0.028678        10.725572
    375.000000         0.028745        10.779375
    376.000000         0.028811        10.832936
    377.000000         0.028876        10.886252
    378.000000         0.028942        10.940076
    379.000000         0.029008        10.994032
    380.000000         0.029073        11.047740
    381.000000         0.029139        11.101959
    382.000000         0.029204        11.155928
    383.000000         0.029269        11.210027
    384.000000         0.029334        11.264256
    385.000000         0.029399        11.318615
    386.000000         0.029463        11.372718
    387.000000         0.029528        11.427336
    388.000000         0.029592        11.481696
    389.000000         0.029657        11.536573
    390.000000         0.029721        11.591190
    391.000000         0.029785        11.645935
    392.000000         0.029849        11.700808
    393.000000         0.029912        11.755416
    394.000000         0.029976        11.810544
    395.000000         0.030039        11.865405
    396.000000         0.030103        11.920788
    397.000000         0.030166        11.975902
    398.000000         0.030229        12.031142
    399.000000         0.030292        12.086508
    400.000000         0.030355        12.142000
    401.000000         0.030418        12.197618
    402.000000         0.030480        12.252960
    403.000000         0.030543        12.308829
    404.000000         0.030605        12.364420
    405.000000         0.030667        12.420135
    406.000000         0.030729        12.475974
    407.000000         0.030791        12.531937
    408.000000         0.030853        12.588024
    409.000000         0.030915        12.644235
    410.000000         0.030976        12.700160
    411.000000         0.031038        12.756618
    412.000000         0.031099        12.812788
    413.000000         0.031160        12.869080
    414.000000         0.031221        12.925494
    415.000000         0.031282        12.982030
    416.000000         0.031343        13.038688
    417.000000         0.031404        13.095468
    418.000000         0.031464        13.151952
    419.000000         0.031525        13.208975
    420.000000         0.031585        13.265700
    421.000000         0.031646        13.322966
    422.000000         0.031706        13.379932
    423.000000         0.031766        13.437018
    424.000000         0.031826        13.494224
    425.000000         0.031885        13.551125
    426.000000         0.031945        13.608570
    427.000000         0.032005        13.666135
    428.000000         0.032064        13.723392
    429.000000         0.032123        13.780767
    430.000000         0.032182        13.838260
    431.000000         0.032242        13.896302
    432.000000         0.032301        13.954032
    433.000000         0.032359        14.011447
    434.000000         0.032418        14.069412
    435.000000         0.032477        14.127495
    436.000000         0.032535        14.185260
    437.000000         0.032594        14.243578
    438.000000         0.032652        14.301576
    439.000000         0.032710        14.359690
    440.000000         0.032768        14.417920
    441.000000         0.032826        14.476266
    442.000000         0.032884        14.534728
    443.000000         0.032942        14.593306
    444.000000         0.032999        14.651556
    445.000000         0.033057        14.710365
    446.000000         0.033114        14.768844
    447.000000         0.033172        14.827884
    448.000000         0.033229        14.886592
    449.000000         0.033286        14.945414
    450.000000         0.033343        15.004350
    451.000000         0.033400        15.063400
    452.000000         0.033456        15.122112
    453.000000         0.033513        15.181389
    454.000000         0.033570        15.240780
    455.000000         0.033626        15.299830
    456.000000         0.033682        15.358992
    457.000000         0.033739        15.418723
    458.000000         0.033795        15.478110
    459.000000         0.033851        15.537609
    460.000000         0.033907        15.597220
    461.000000         0.033962        15.656482
    462.000000         0.034018        15.716316
    463.000000         0.034074        15.776262
    464.000000         0.034129        15.835856
    465.000000         0.034185        15.896025
    466.000000         0.034240        15.955840
    467.000000         0.034295        16.015765
    468.000000         0.034350        16.075800
    469.000000         0.034405        16.135945
    470.000000         0.034460        16.196200
    471.000000         0.034515        16.256565
    472.000000         0.034570        16.317040
    473.000000         0.034624        16.377152
    474.000000         0.034679        16.437846
    475.000000         0.034733        16.498175
    476.000000         0.034787        16.558612
    477.000000         0.034841        16.619157
    478.000000         0.034896        16.680288
    479.000000         0.034950        16.741050
    480.000000         0.035003        16.801440
    481.000000         0.035057        16.862417
    482.000000         0.035111        16.923502
    483.000000         0.035165        16.984695
    484.000000         0.035218        17.045512
    485.000000         0.035271        17.106435
    486.000000         0.035325        17.167950
    487.000000         0.035378        17.229086
    488.000000         0.035431        17.290328
    489.000000         0.035484        17.351676
    490.000000         0.035537        17.413130
    491.000000         0.035590        17.474690
    492.000000         0.035643        17.536356
    493.000000         0.035695        17.597635
    494.000000         0.035748        17.659512
    495.000000         0.035800        17.721000
    496.000000         0.035853        17.783088
    497.000000         0.035905        17.844785
    498.000000         0.035957        17.906586
    499.000000         0.036009        17.968491
    500.000000         0.036061        18.030500
    501.000000         0.036113        18.092613
    502.000000         0.036165        18.154830
    503.000000         0.036217        18.217151
    504.000000         0.036268        18.279072
    505.000000         0.036320        18.341600
    506.000000         0.036371        18.403726
    507.000000         0.036423        18.466461
    508.000000         0.036474        18.528792
    509.000000         0.036525        18.591225
    510.000000         0.036576        18.653760
    511.000000         0.036627        18.716397
    512.000000         0.036678        18.779136
    513.000000         0.036729        18.841977
    514.000000         0.036780        18.904920
    515.000000         0.036831        18.967965
    516.000000         0.036881        19.030596
    517.000000         0.036932        19.093844
    518.000000         0.036982        19.156676
    519.000000         0.037032        19.219608
    520.000000         0.037083        19.283160
    521.000000         0.037133        19.346293
    522.000000         0.037183        19.409526
    523.000000         0.037233        19.472859
    524.000000         0.037283        19.536292
    525.000000         0.037333        19.599825
    526.000000         0.037382        19.662932
    527.000000         0.037432        19.726664
    528.000000         0.037482        19.790496
    529.000000         0.037531        19.853899
    530.000000         0.037580        19.917400
    531.000000         0.037630        19.981530
    532.000000         0.037679        20.045228
    533.000000         0.037728        20.109024
    534.000000         0.037777        20.172918
    535.000000         0.037826        20.236910
    536.000000         0.037875        20.301000
    537.000000         0.037924        20.365188
    538.000000         0.037973        20.429474
    539.000000         0.038021        20.493319
    540.000000         0.038070        20.557800
    541.000000         0.038118        20.621838
    542.000000         0.038167        20.686514
    543.000000         0.038215        20.750745
    544.000000         0.038263        20.815072
    545.000000         0.038312        20.880040
    546.000000         0.038360        20.944560
    547.000000         0.038408        21.009176
    548.000000         0.038456        21.073888
    549.000000         0.038504        21.138696
    550.000000         0.038551        21.203050
    551.000000         0.038599        21.268049
    552.000000         0.038647        21.333144
    553.000000         0.038694        21.397782
    554.000000         0.038742        21.463068
    555.000000         0.038789        21.527895
    556.000000         0.038836        21.592816
    557.000000         0.038884        21.658388
    558.000000         0.038931        21.723498
    559.000000         0.038978        21.788702
    560.000000         0.039025        21.854000
    561.000000         0.039072        21.919392
    562.000000         0.039119        21.984878
    563.000000         0.039166        22.050458
    564.000000         0.039212        22.115568
    565.000000         0.039259        22.181335
    566.000000         0.039305        22.246630
    567.000000         0.039352        22.312584
    568.000000         0.039398        22.378064
    569.000000         0.039445        22.444205
    570.000000         0.039491        22.509870
    571.000000         0.039537        22.575627
    572.000000         0.039583        22.641476
    573.000000         0.039629        22.707417
    574.000000         0.039675        22.773450
    575.000000         0.039721        22.839575
    576.000000         0.039767        22.905792
    577.000000         0.039813        22.972101
    578.000000         0.039859        23.038502
    579.000000         0.039904        23.104416
    580.000000         0.039950        23.171000
    581.000000         0.039995        23.237095
    582.000000         0.040041        23.303862
    583.000000         0.040086        23.370138
    584.000000         0.040131        23.436504
    585.000000         0.040176        23.502960
    586.000000         0.040221        23.569506
    587.000000         0.040267        23.636729
    588.000000         0.040312        23.703456
    589.000000         0.040356        23.769684
    590.000000         0.040401        23.836590
    591.000000         0.040446        23.903586
    592.000000         0.040491        23.970672
    593.000000         0.040535        24.037255
    594.000000         0.040580        24.104520
    595.000000         0.040624        24.171280
    596.000000         0.040669        24.238724
    597.000000         0.040713        24.305661
    598.000000         0.040758        24.373284
    599.000000         0.040802        24.440398
    600.000000         0.040846        24.507600
    601.000000         0.040890        24.574890
    602.000000         0.040934        24.642268
    603.000000         0.040978        24.709734
    604.000000         0.041022        24.777288
    605.000000         0.041066        24.844930
    606.000000         0.041110        24.912660
    607.000000         0.041153        24.979871
    608.000000         0.041197        25.047776
    609.000000         0.041240        25.115160
    610.000000         0.041284        25.183240
    611.000000         0.041327        25.250797
    612.000000         0.041371        25.319052
    613.000000         0.041414        25.386782
    614.000000         0.041457        25.454598
    615.000000         0.041500        25.522500
    616.000000         0.041544        25.591104
    617.000000         0.041587        25.659179
    618.000000         0.041630        25.727340
    619.000000         0.041672        25.794968
    620.000000         0.041715        25.863300
    621.000000         0.041758        25.931718
    622.000000         0.041801        26.000222
    623.000000         0.041844        26.068812
    624.000000         0.041886        26.136864
    625.000000         0.041929        26.205625
    626.000000         0.041971        26.273846
    627.000000         0.042014        26.342778
    628.000000         0.042056        26.411168
    629.000000         0.042098        26.479642
    630.000000         0.042140        26.548200
    631.000000         0.042183        26.617473
    632.000000         0.042225        26.686200
    633.000000         0.042267        26.755011
    634.000000         0.042309        26.823906
    635.000000         0.042351        26.892885
    636.000000         0.042392        26.961312
    637.000000         0.042434        27.030458
    638.000000         0.042476        27.099688
    639.000000         0.042518        27.169002
    640.000000         0.042559        27.237760
    641.000000         0.042601        27.307241
    642.000000         0.042642        27.376164
    643.000000         0.042684        27.445812
    644.000000         0.042725        27.514900
    645.000000         0.042767        27.584715
    646.000000         0.042808        27.653968
    647.000000         0.042849        27.723303
    648.000000         0.042890        27.792720
    649.000000         0.042931        27.862219
    650.000000         0.042972        27.931800
    651.000000         0.043013        28.001463
    652.000000         0.043054        28.071208
    653.000000         0.043095        28.141035
    654.000000         0.043136        28.210944
    655.000000         0.043176        28.280280
    656.000000         0.043217        28.350352
    657.000000         0.043258        28.420506
    658.000000         0.043298        28.490084
    659.000000         0.043339        28.560401
    660.000000         0.043379        28.630140
    661.000000         0.043420        28.700620
    662.000000         0.043460        28.770520
    663.000000         0.043500        28.840500
    664.000000         0.043541        28.911224
    665.000000         0.043581        28.981365
    666.000000         0.043621        29.051586
    667.000000         0.043661        29.121887
    668.000000         0.043701        29.192268
    669.000000         0.043741        29.262729
    670.000000         0.043781        29.333270
    671.000000         0.043820        29.403220
    672.000000         0.043860        29.473920
    673.000000         0.043900        29.544700
    674.000000         0.043940        29.615560
    675.000000         0.043979        29.685825
    676.000000         0.044019        29.756844
    677.000000         0.044058        29.827266
    678.000000         0.044098        29.898444
    679.000000         0.044137        29.969023
    680.000000         0.044176        30.039680
    681.000000         0.044216        30.111096
    682.000000         0.044255        30.181910
    683.000000         0.044294        30.252802
    684.000000         0.044333        30.323772
    685.000000         0.044372        30.394820
    686.000000         0.044411        30.465946
    687.000000         0.044450        30.537150
    688.000000         0.044489        30.608432
    689.000000         0.044528        30.679792
    690.000000         0.044567        30.751230
    691.000000         0.044606        30.822746
    692.000000         0.044644        30.893648
    693.000000         0.044683        30.965319
    694.000000         0.044722        31.037068
    695.000000         0.044760        31.108200
    696.000000         0.044799        31.180104
    697.000000         0.044837        31.251389
    698.000000         0.044876        31.323448
    699.000000         0.044914        31.394886
    700.000000         0.044952        31.466400
    701.000000         0.044990        31.537990
    702.000000         0.045029        31.610358
    703.000000         0.045067        31.682101
    704.000000         0.045105        31.753920
    705.000000         0.045143        31.825815
    706.000000         0.045181        31.897786
    707.000000         0.045219        31.969833
    708.000000         0.045257        32.041956
    709.000000         0.045294        32.113446
    710.000000         0.045332        32.185720
    711.000000         0.045370        32.258070
    712.000000         0.045408        32.330496
    713.000000         0.045445        32.402285
    714.000000         0.045483        32.474862
    715.000000         0.045520        32.546800
    716.000000         0.045558        32.619528
    717.000000         0.045595        32.691615
    718.000000         0.045633        32.764494
    719.000000         0.045670        32.836730
    720.000000         0.045707        32.909040
    721.000000         0.045745        32.982145
    722.000000         0.045782        33.054604
    723.000000         0.045819        33.127137
    724.000000         0.045856        33.199744
    725.000000         0.045893        33.272425
    726.000000         0.045930        33.345180
    727.000000         0.045967        33.418009
    728.000000         0.046004        33.490912
    729.000000         0.046041        33.563889
    730.000000         0.046078        33.636940
    731.000000         0.046114        33.709334
    732.000000         0.046151        33.782532
    733.000000         0.046188        33.855804
    734.000000         0.046224        33.928416
    735.000000         0.046261        34.001835
    736.000000         0.046297        34.074592
    737.000000         0.046334        34.148158
    738.000000         0.046370        34.221060
    739.000000         0.046407        34.294773
    740.000000         0.046443        34.367820
    741.000000         0.046479        34.440939
    742.000000         0.046516        34.514872
    743.000000         0.046552        34.588136
    744.000000         0.046588        34.661472
    745.000000         0.046624        34.734880
    746.000000         0.046660        34.808360
    747.000000         0.046696        34.881912
    748.000000         0.046732        34.955536
    749.000000         0.046768        35.029232
    750.000000         0.046804        35.103000
    751.000000         0.046840        35.176840
    752.000000         0.046876        35.250752
    753.000000         0.046911        35.323983
    754.000000         0.046947        35.398038
    755.000000         0.046983        35.472165
    756.000000         0.047018        35.545608
    757.000000         0.047054        35.619878
    758.000000         0.047089        35.693462
    759.000000         0.047125        35.767875
    760.000000         0.047160        35.841600
    761.000000         0.047196        35.916156
    762.000000         0.047231        35.990022
    763.000000         0.047266        36.063958
    764.000000         0.047302        36.138728
    765.000000         0.047337        36.212805
    766.000000         0.047372        36.286952
    767.000000         0.047407        36.361169
    768.000000         0.047442        36.435456
    769.000000         0.047477        36.509813
    770.000000         0.047512        36.584240
    771.000000         0.047547        36.658737
    772.000000         0.047582        36.733304
    773.000000         0.047617        36.807941
    774.000000         0.047652        36.882648
    775.000000         0.047687        36.957425
    776.000000         0.047721        37.031496
    777.000000         0.047756        37.106412
    778.000000         0.047791        37.181398
    779.000000         0.047825        37.255675
    780.000000         0.047860        37.330800
    781.000000         0.047894        37.405214
    782.000000         0.047929        37.480478
    783.000000         0.047963        37.555029
    784.000000         0.047998        37.630432
    785.000000         0.048032        37.705120
    786.000000         0.048066        37.779876
    787.000000         0.048101        37.855487
    788.000000         0.048135        37.930380
    789.000000         0.048169        38.005341
    790.000000         0.048203        38.080370
    791.000000         0.048237        38.155467
    792.000000         0.048271        38.230632
    793.000000         0.048305        38.305865
    794.000000         0.048339        38.381166
    795.000000         0.048373        38.456535
    796.000000         0.048407        38.531972
    797.000000         0.048441        38.607477
    798.000000         0.048475        38.683050
    799.000000         0.048509        38.758691
    800.000000         0.048543        38.834400
    801.000000         0.048576        38.909376
    802.000000         0.048610        38.985220
    803.000000         0.048644        39.061132
    804.000000         0.048677        39.136308
    805.000000         0.048711        39.212355
    806.000000         0.048744        39.287664
    807.000000         0.048778        39.363846
    808.000000         0.048811        39.439288
    809.000000         0.048845        39.515605
    810.000000         0.048878        39.591180
    811.000000         0.048911        39.666821
    812.000000         0.048944        39.742528
    813.000000         0.048978        39.819114
    814.000000         0.049011        39.894954
    815.000000         0.049044        39.970860
    816.000000         0.049077        40.046832
    817.000000         0.049110        40.122870
    818.000000         0.049143        40.198974
    819.000000         0.049176        40.275144
    820.000000         0.049209        40.351380
    821.000000         0.049242        40.427682
    822.000000         0.049275        40.504050
    823.000000         0.049308        40.580484
    824.000000         0.049341        40.656984
    825.000000         0.049374        40.733550
    826.000000         0.049406        40.809356
    827.000000         0.049439        40.886053
    828.000000         0.049472        40.962816
    829.000000         0.049504        41.038816
    830.000000         0.049537        41.115710
    831.000000         0.049569        41.191839
    832.000000         0.049602        41.268864
    833.000000         0.049634        41.345122
    834.000000         0.049667        41.422278
    835.000000         0.049699        41.498665
    836.000000         0.049732        41.575952
    837.000000         0.049764        41.652468
    838.000000         0.049796        41.729048
    839.000000         0.049828        41.805692
    840.000000         0.049861        41.883240
    841.000000         0.049893        41.960013
    842.000000         0.049925        42.036850
    843.000000         0.049957        42.113751
    844.000000         0.049989        42.190716
    845.000000         0.050021        42.267745
    846.000000         0.050053        42.344838
    847.000000         0.050085        42.421995
    848.000000         0.050117        42.499216
    849.000000         0.050149        42.576501
    850.000000         0.050181        42.653850
    851.000000         0.050213        42.731263
    852.000000         0.050244        42.807888
    853.000000         0.050276        42.885428
    854.000000         0.050308        42.963032
    855.000000         0.050340        43.040700
    856.000000         0.050371        43.117576
    857.000000         0.050403        43.195371
    858.000000         0.050434        43.272372
    859.000000         0.050466        43.350294
    860.000000         0.050497        43.427420
    861.000000         0.050529        43.505469
    862.000000         0.050560        43.582720
    863.000000         0.050592        43.660896
    864.000000         0.050623        43.738272
    865.000000         0.050654        43.815710
    866.000000         0.050686        43.894076
    867.000000         0.050717        43.971639
    868.000000         0.050748        44.049264
    869.000000         0.050779        44.126951
    870.000000         0.050811        44.205570
    871.000000         0.050842        44.283382
    872.000000         0.050873        44.361256
    873.000000         0.050904        44.439192
    874.000000         0.050935        44.517190
    875.000000         0.050966        44.595250
    876.000000         0.050997        44.673372
    877.000000         0.051028        44.751556
    878.000000         0.051059        44.829802
    879.000000         0.051089        44.907231
    880.000000         0.051120        44.985600
    881.000000         0.051151        45.064031
    882.000000         0.051182        45.142524
    883.000000         0.051212        45.220196
    884.000000         0.051243        45.298812
    885.000000         0.051274        45.377490
    886.000000         0.051304        45.455344
    887.000000         0.051335        45.534145
    888.000000         0.051365        45.612120
    889.000000         0.051396        45.691044
    890.000000         0.051426        45.769140
    891.000000         0.051457        45.848187
    892.000000         0.051487        45.926404
    893.000000         0.051518        46.005574
    894.000000         0.051548        46.083912
    895.000000         0.051578        46.162310
    896.000000         0.051609        46.241664
    897.000000         0.051639        46.320183
    898.000000         0.051669        46.398762
    899.000000         0.051699        46.477401
    900.000000         0.051729        46.556100
    901.000000         0.051760        46.635760
    902.000000         0.051790        46.714580
    903.000000         0.051820        46.793460
    904.000000         0.051850        46.872400
    905.000000         0.051880        46.951400
    906.000000         0.051910        47.030460
    907.000000         0.051940        47.109580
    908.000000         0.051970        47.188760
    909.000000         0.051999        47.267091
    910.000000         0.052029        47.346390
    911.000000         0.052059        47.425749
    912.000000         0.052089        47.505168
    913.000000         0.052119        47.584647
    914.000000         0.052148        47.663272
    915.000000         0.052178        47.742870
    916.000000         0.052208        47.822528
    917.000000         0.052237        47.901329
    918.000000         0.052267        47.981106
    919.000000         0.052296        48.060024
    920.000000         0.052326        48.139920
    921.000000         0.052355        48.218955
    922.000000         0.052385        48.298970
    923.000000         0.052414        48.378122
    924.000000         0.052444        48.458256
    925.000000         0.052473        48.537525
    926.000000         0.052502        48.616852
    927.000000         0.052532        48.697164
    928.000000         0.052561        48.776608
    929.000000         0.052590        48.856110
    930.000000         0.052619        48.935670
    931.000000         0.052649        49.016219
    932.000000         0.052678        49.095896
    933.000000         0.052707        49.175631
    934.000000         0.052736        49.255424
    935.000000         0.052765        49.335275
    936.000000         0.052794        49.415184
    937.000000         0.052823        49.495151
    938.000000         0.052852        49.575176
    939.000000         0.052881        49.655259
    940.000000         0.052910        49.735400
    941.000000         0.052939        49.815599
    942.000000         0.052968        49.895856
    943.000000         0.052997        49.976171
    944.000000         0.053025        50.055600
    945.000000         0.053054        50.136030
    946.000000         0.053083        50.216518
    947.000000         0.053112        50.297064
    948.000000         0.053140        50.376720
    949.000000         0.053169        50.457381
    950.000000         0.053198        50.538100
    951.000000         0.053226        50.617926
    952.000000         0.053255        50.698760
    953.000000         0.053283        50.778699
    954.000000         0.053312        50.859648
    955.000000         0.053340        50.939700
    956.000000         0.053369        51.020764
    957.000000         0.053397        51.100929
    958.000000         0.053425        51.181150
    959.000000         0.053454        51.262386
    960.000000         0.053482        51.342720
    961.000000         0.053510        51.423110
    962.000000         0.053539        51.504518
    963.000000         0.053567        51.585021
    964.000000         0.053595        51.665580
    965.000000         0.053623        51.746195
    966.000000         0.053652        51.827832
    967.000000         0.053680        51.908560
    968.000000         0.053708        51.989344
    969.000000         0.053736        52.070184
    970.000000         0.053764        52.151080
    971.000000         0.053792        52.232032
    972.000000         0.053820        52.313040
    973.000000         0.053848        52.394104
    974.000000         0.053876        52.475224
    975.000000         0.053904        52.556400
    976.000000         0.053932        52.637632
    977.000000         0.053960        52.718920
    978.000000         0.053987        52.799286
    979.000000         0.054015        52.880685
    980.000000         0.054043        52.962140
    981.000000         0.054071        53.043651
    982.000000         0.054098        53.124236
    983.000000         0.054126        53.205858
    984.000000         0.054154        53.287536
    985.000000         0.054181        53.368285
    986.000000         0.054209        53.450074
    987.000000         0.054237        53.531919
    988.000000         0.054264        53.612832
    989.000000         0.054292        53.694788
    990.000000         0.054319        53.775810
    991.000000         0.054347        53.857877
    992.000000         0.054374        53.939008
    993.000000         0.054402        54.021186
    994.000000         0.054429        54.102426
    995.000000         0.054456        54.183720
    996.000000         0.054484        54.266064
    997.000000         0.054511        54.347467
    998.000000         0.054538        54.428924
    999.000000         0.054566        54.511434
   1000.000000         0.054593        54.593000
   1001.000000         0.054620        54.674620
   1002.000000         0.054647        54.756294
   1003.000000         0.054674        54.838022
   1004.000000         0.054702        54.920808
   1005.000000         0.054729        55.002645
   1006.000000         0.054756        55.084536
   1007.000000         0.054783        55.166481
   1008.000000         0.054810        55.248480
   1009.000000         0.054837        55.330533
   1010.000000         0.054864        55.412640
   1011.000000         0.054891        55.494801
   1012.000000         0.054918        55.577016
   1013.000000         0.054945        55.659285
   1014.000000         0.054971        55.740594
   1015.000000         0.054998        55.822970
   1016.000000         0.055025        55.905400
   1017.000000         0.055052        55.987884
   1018.000000         0.055079        56.070422
   1019.000000         0.055105        56.151995
   1020.000000         0.055132        56.234640
   1021.000000         0.055159        56.317339
   1022.000000         0.055186        56.400092
   1023.000000         0.055212        56.481876
   1024.000000         0.055239        56.564736
   1025.000000         0.055265        56.646625
   1026.000000         0.055292        56.729592
   1027.000000         0.055318        56.811586
   1028.000000         0.055345        56.894660
   1029.000000         0.055371        56.976759
   1030.000000         0.055398        57.059940
   1031.000000         0.055424        57.142144
   1032.000000         0.055451        57.225432
   1033.000000         0.055477        57.307741
   1034.000000         0.055504        57.391136
   1035.000000         0.055530        57.473550
   1036.000000         0.055556        57.556016
   1037.000000         0.055583        57.639571
   1038.000000         0.055609        57.722142
   1039.000000         0.055635        57.804765
   1040.000000         0.055661        57.887440
   1041.000000         0.055687        57.970167
   1042.000000         0.055714        58.053988
   1043.000000         0.055740        58.136820
   1044.000000         0.055766        58.219704
   1045.000000         0.055792        58.302640
   1046.000000         0.055818        58.385628
   1047.000000         0.055844        58.468668
   1048.000000         0.055870        58.551760
   1049.000000         0.055896        58.634904
   1050.000000         0.055922        58.718100
   1051.000000         0.055948        58.801348
   1052.000000         0.055974        58.884648
   1053.000000         0.056000        58.968000
   1054.000000         0.056026        59.051404
   1055.000000         0.056052        59.134860
   1056.000000         0.056078        59.218368
   1057.000000         0.056103        59.300871
   1058.000000         0.056129        59.384482
   1059.000000         0.056155        59.468145
   1060.000000         0.056181        59.551860
   1061.000000         0.056206        59.634566
   1062.000000         0.056232        59.718384
   1063.000000         0.056258        59.802254
   1064.000000         0.056283        59.885112
   1065.000000         0.056309        59.969085
   1066.000000         0.056335        60.053110
   1067.000000         0.056360        60.136120
   1068.000000         0.056386        60.220248
   1069.000000         0.056411        60.303359
   1070.000000         0.056437        60.387590
   1071.000000         0.056462        60.470802
   1072.000000         0.056488        60.555136
   1073.000000         0.056513        60.638449
   1074.000000         0.056539        60.722886
   1075.000000         0.056564        60.806300
   1076.000000         0.056589        60.889764
   1077.000000         0.056615        60.974355
   1078.000000         0.056640        61.057920
   1079.000000         0.056665        61.141535
   1080.000000         0.056691        61.226280
   1081.000000         0.056716        61.309996
   1082.000000         0.056741        61.393762
   1083.000000         0.056766        61.477578
   1084.000000         0.056791        61.561444
   1085.000000         0.056817        61.646445
   1086.000000         0.056842        61.730412
   1087.000000         0.056867        61.814429
   1088.000000         0.056892        61.898496
   1089.000000         0.056917        61.982613
   1090.000000         0.056942        62.066780
   1091.000000         0.056967        62.150997
   1092.000000         0.056992        62.235264
   1093.000000         0.057017        62.319581
   1094.000000         0.057042        62.403948
   1095.000000         0.057067        62.488365
   1096.000000         0.057092        62.572832
   1097.000000         0.057117        62.657349
   1098.000000         0.057142        62.741916
   1099.000000         0.057167        62.826533
   1100.000000         0.057191        62.910100
   1101.000000         0.057216        62.994816
   1102.000000         0.057241        63.079582
   1103.000000         0.057266        63.164398
   1104.000000         0.057290        63.248160
   1105.000000         0.057315        63.333075
   1106.000000         0.057340        63.418040
   1107.000000         0.057365        63.503055
   1108.000000         0.057389        63.587012
   1109.000000         0.057414        63.672126
   1110.000000         0.057438        63.756180
   1111.000000         0.057463        63.841393
   1112.000000         0.057488        63.926656
   1113.000000         0.057512        64.010856
   1114.000000         0.057537        64.096218
   1115.000000         0.057561        64.180515
   1116.000000         0.057586        64.265976
   1117.000000         0.057610        64.350370
   1118.000000         0.057635        64.435930
   1119.000000         0.057659        64.520421
   1120.000000         0.057683        64.604960
   1121.000000         0.057708        64.690668
   1122.000000         0.057732        64.775304
   1123.000000         0.057756        64.859988
   1124.000000         0.057781        64.945844
   1125.000000         0.057805        65.030625
   1126.000000         0.057829        65.115454
   1127.000000         0.057854        65.201458
   1128.000000         0.057878        65.286384
   1129.000000         0.057902        65.371358
   1130.000000         0.057926        65.456380
   1131.000000         0.057950        65.541450
   1132.000000         0.057975        65.627700
   1133.000000         0.057999        65.712867
   1134.000000         0.058023        65.798082
   1135.000000         0.058047        65.883345
   1136.000000         0.058071        65.968656
   1137.000000         0.058095        66.054015
   1138.000000         0.058119        66.139422
   1139.000000         0.058143        66.224877
   1140.000000         0.058167        66.310380
   1141.000000         0.058191        66.395931
   1142.000000         0.058215        66.481530
   1143.000000         0.058239        66.567177
   1144.000000         0.058263        66.652872
   1145.000000         0.058287        66.738615
   1146.000000         0.058310        66.823260
   1147.000000         0.058334        66.909098
   1148.000000         0.058358        66.994984
   1149.000000         0.058382        67.080918
   1150.000000         0.058406        67.166900
   1151.000000         0.058429        67.251779
   1152.000000         0.058453        67.337856
   1153.000000         0.058477        67.423981
   1154.000000         0.058501        67.510154
   1155.000000         0.058524        67.595220
   1156.000000         0.058548        67.681488
   1157.000000         0.058571        67.766647
   1158.000000         0.058595        67.853010
   1159.000000         0.058619        67.939421
   1160.000000         0.058642        68.024720
   1161.000000         0.058666        68.111226
   1162.000000         0.058689        68.196618
   1163.000000         0.058713        68.283219
   1164.000000         0.058736        68.368704
   1165.000000         0.058760        68.455400
   1166.000000         0.058783        68.540978
   1167.000000         0.058807        68.627769
   1168.000000         0.058830        68.713440
   1169.000000         0.058854        68.800326
   1170.000000         0.058877        68.886090
   1171.000000         0.058900        68.971900
   1172.000000         0.058924        69.058928
   1173.000000         0.058947        69.144831
   1174.000000         0.058970        69.230780
   1175.000000         0.058994        69.317950
   1176.000000         0.059017        69.403992
   1177.000000         0.059040        69.490080
   1178.000000         0.059063        69.576214
   1179.000000         0.059086        69.662394
   1180.000000         0.059110        69.749800
   1181.000000         0.059133        69.836073
   1182.000000         0.059156        69.922392
   1183.000000         0.059179        70.008757
   1184.000000         0.059202        70.095168
   1185.000000         0.059225        70.181625
   1186.000000         0.059248        70.268128
   1187.000000         0.059271        70.354677
   1188.000000         0.059294        70.441272
   1189.000000         0.059317        70.527913
   1190.000000         0.059340        70.614600
   1191.000000         0.059363        70.701333
   1192.000000         0.059386        70.788112
   1193.000000         0.059409        70.874937
   1194.000000         0.059432        70.961808
   1195.000000         0.059455        71.048725
   1196.000000         0.059478        71.135688
   1197.000000         0.059501        71.222697
   1198.000000         0.059524        71.309752
   1199.000000         0.059547        71.396853
   1200.000000         0.059569        71.482800
   1201.000000         0.059592        71.569992
   1202.000000         0.059615        71.657230
   1203.000000         0.059638        71.744514
   1204.000000         0.059660        71.830640
   1205.000000         0.059683        71.918015
   1206.000000         0.059706        72.005436
   1207.000000         0.059729        72.092903
   1208.000000         0.059751        72.179208
   1209.000000         0.059774        72.266766
   1210.000000         0.059796        72.353160
   1211.000000         0.059819        72.440809
   1212.000000         0.059842        72.528504
   1213.000000         0.059864        72.615032
   1214.000000         0.059887        72.702818
   1215.000000         0.059909        72.789435
   1216.000000         0.059932        72.877312
   1217.000000         0.059954        72.964018
   1218.000000         0.059977        73.051986
   1219.000000         0.059999        73.138781
   1220.000000         0.060022        73.226840
   1221.000000         0.060044        73.313724
   1222.000000         0.060066        73.400652
   1223.000000         0.060089        73.488847
   1224.000000         0.060111        73.575864
   1225.000000         0.060134        73.664150
   1226.000000         0.060156        73.751256
   1227.000000         0.060178        73.838406
   1228.000000         0.060201        73.926828
   1229.000000         0.060223        74.014067
   1230.000000         0.060245        74.101350
   1231.000000         0.060267        74.188677
   1232.000000         0.060290        74.277280
   1233.000000         0.060312        74.364696
   1234.000000         0.060334        74.452156
   1235.000000         0.060356        74.539660
   1236.000000         0.060378        74.627208
   1237.000000         0.060400        74.714800
   1238.000000         0.060423        74.803674
   1239.000000         0.060445        74.891355
   1240.000000         0.060467        74.979080
   1241.000000         0.060489        75.066849
   1242.000000         0.060511        75.154662
   1243.000000         0.060533        75.242519
   1244.000000         0.060555        75.330420
   1245.000000         0.060577        75.418365
   1246.000000         0.060599        75.506354
   1247.000000         0.060621        75.594387
   1248.000000         0.060643        75.682464
   1249.000000         0.060665        75.770585
   1250.000000         0.060687        75.858750
   1251.000000         0.060709        75.946959
   1252.000000         0.060730        76.033960
   1253.000000         0.060752        76.122256
   1254.000000         0.060774        76.210596
   1255.000000         0.060796        76.298980
   1256.000000         0.060818        76.387408
   1257.000000         0.060840        76.475880
   1258.000000         0.060861        76.563138
   1259.000000         0.060883        76.651697
   1260.000000         0.060905        76.740300
   1261.000000         0.060927        76.828947
   1262.000000         0.060948        76.916376
   1263.000000         0.060970        77.005110
   1264.000000         0.060992        77.093888
   1265.000000         0.061013        77.181445
   1266.000000         0.061035        77.270310
   1267.000000         0.061057        77.359219
   1268.000000         0.061078        77.446904
   1269.000000         0.061100        77.535900
   1270.000000         0.061121        77.623670
   1271.000000         0.061143        77.712753
   1272.000000         0.061164        77.800608
   1273.000000         0.061186        77.889778
   1274.000000         0.061207        77.977718
   1275.000000         0.061229        78.066975
   1276.000000         0.061250        78.155000
   1277.000000         0.061272        78.244344
   1278.000000         0.061293        78.332454
   1279.000000         0.061315        78.421885
   1280.000000         0.061336        78.510080
   1281.000000         0.061358        78.599598
   1282.000000         0.061379        78.687878
   1283.000000         0.061400        78.776200
   1284.000000         0.061422        78.865848
   1285.000000         0.061443        78.954255
   1286.000000         0.061464        79.042704
   1287.000000         0.061486        79.132482
   1288.000000         0.061507        79.221016
   1289.000000         0.061528        79.309592
   1290.000000         0.061549        79.398210
   1291.000000         0.061571        79.488161
   1292.000000         0.061592        79.576864
   1293.000000         0.061613        79.665609
   1294.000000         0.061634        79.754396
   1295.000000         0.061655        79.843225
   1296.000000         0.061677        79.933392
   1297.000000         0.061698        80.022306
   1298.000000         0.061719        80.111262
   1299.000000         0.061740        80.200260
   1300.000000         0.061761        80.289300
   1301.000000         0.061782        80.378382
   1302.000000         0.061803        80.467506
   1303.000000         0.061824        80.556672
   1304.000000         0.061845        80.645880
   1305.000000         0.061866        80.735130
   1306.000000         0.061887        80.824422
   1307.000000         0.061908        80.913756
   1308.000000         0.061929        81.003132
   1309.000000         0.061950        81.092550
   1310.000000         0.061971        81.182010
   1311.000000         0.061992        81.271512
   1312.000000         0.062013        81.361056
   1313.000000         0.062034        81.450642
   1314.000000         0.062055        81.540270
   1315.000000         0.062075        81.628625
   1316.000000         0.062096        81.718336
   1317.000000         0.062117        81.808089
   1318.000000         0.062138        81.897884
   1319.000000         0.062159        81.987721
   1320.000000         0.062179        82.076280
   1321.000000         0.062200        82.166200
   1322.000000         0.062221        82.256162
   1323.000000         0.062242        82.346166
   1324.000000         0.062262        82.434888
   1325.000000         0.062283        82.524975
   1326.000000         0.062304        82.615104
   1327.000000         0.062324        82.703948
   1328.000000         0.062345        82.794160
   1329.000000         0.062366        82.884414
   1330.000000         0.062386        82.973380
   1331.000000         0.062407        83.063717
   1332.000000         0.062427        83.152764
   1333.000000         0.062448        83.243184
   1334.000000         0.062469        83.333646
   1335.000000         0.062489        83.422815
   1336.000000         0.062510        83.513360
   1337.000000         0.062530        83.602610
   1338.000000         0.062551        83.693238
   1339.000000         0.062571        83.782569
   1340.000000         0.062592        83.873280
   1341.000000         0.062612        83.962692
   1342.000000         0.062633        84.053486
   1343.000000         0.062653        84.142979
   1344.000000         0.062673        84.232512
   1345.000000         0.062694        84.323430
   1346.000000         0.062714        84.413044
   1347.000000         0.062734        84.502698
   1348.000000         0.062755        84.593740
   1349.000000         0.062775        84.683475
   1350.000000         0.062795        84.773250
   1351.000000         0.062816        84.864416
   1352.000000         0.062836        84.954272
   1353.000000         0.062856        85.044168
   1354.000000         0.062877        85.135458
   1355.000000         0.062897        85.225435
   1356.000000         0.062917        85.315452
   1357.000000         0.062937        85.405509
   1358.000000         0.062958        85.496964
   1359.000000         0.062978        85.587102
   1360.000000         0.062998        85.677280
   1361.000000         0.063018        85.767498
   1362.000000         0.063038        85.857756
   1363.000000         0.063058        85.948054
   1364.000000         0.063078        86.038392
   1365.000000         0.063099        86.130135
   1366.000000         0.063119        86.220554
   1367.000000         0.063139        86.311013
   1368.000000         0.063159        86.401512
   1369.000000         0.063179        86.492051
   1370.000000         0.063199        86.582630
   1371.000000         0.063219        86.673249
   1372.000000         0.063239        86.763908
   1373.000000         0.063259        86.854607
   1374.000000         0.063279        86.945346
   1375.000000         0.063299        87.036125
   1376.000000         0.063319        87.126944
   1377.000000         0.063339        87.217803
   1378.000000         0.063359        87.308702
   1379.000000         0.063378        87.398262
   1380.000000         0.063398        87.489240
   1381.000000         0.063418        87.580258
   1382.000000         0.063438        87.671316
   1383.000000         0.063458        87.762414
   1384.000000         0.063478        87.853552
   1385.000000         0.063498        87.944730
   1386.000000         0.063517        88.034562
   1387.000000         0.063537        88.125819
   1388.000000         0.063557        88.217116
   1389.000000         0.063577        88.308453
   1390.000000         0.063596        88.398440
   1391.000000         0.063616        88.489856
   1392.000000         0.063636        88.581312
   1393.000000         0.063656        88.672808
   1394.000000         0.063675        88.762950
   1395.000000         0.063695        88.854525
   1396.000000         0.063715        88.946140
   1397.000000         0.063734        89.036398
   1398.000000         0.063754        89.128092
   1399.000000         0.063773        89.218427
   1400.000000         0.063793        89.310200
   1401.000000         0.063813        89.402013
   1402.000000         0.063832        89.492464
   1403.000000         0.063852        89.584356
   1404.000000         0.063871        89.674884
   1405.000000         0.063891        89.766855
   1406.000000         0.063910        89.857460
   1407.000000         0.063930        89.949510
   1408.000000         0.063949        90.040192
   1409.000000         0.063969        90.132321
   1410.000000         0.063988        90.223080
   1411.000000         0.064008        90.315288
   1412.000000         0.064027        90.406124
   1413.000000         0.064047        90.498411
   1414.000000         0.064066        90.589324
   1415.000000         0.064085        90.680275
   1416.000000         0.064105        90.772680
   1417.000000         0.064124        90.863708
   1418.000000         0.064144        90.956192
   1419.000000         0.064163        91.047297
   1420.000000         0.064182        91.138440
   1421.000000         0.064202        91.231042
   1422.000000         0.064221        91.322262
   1423.000000         0.064240        91.413520
   1424.000000         0.064259        91.504816
   1425.000000         0.064279        91.597575
   1426.000000         0.064298        91.688948
   1427.000000         0.064317        91.780359
   1428.000000         0.064336        91.871808
   1429.000000         0.064356        91.964724
   1430.000000         0.064375        92.056250
   1431.000000         0.064394        92.147814
   1432.000000         0.064413        92.239416
   1433.000000         0.064432        92.331056
   1434.000000         0.064452        92.424168
   1435.000000         0.064471        92.515885
   1436.000000         0.064490        92.607640
   1437.000000         0.064509        92.699433
   1438.000000         0.064528        92.791264
   1439.000000         0.064547        92.883133
   1440.000000         0.064566        92.975040
   1441.000000         0.064585        93.066985
   1442.000000         0.064604        93.158968
   1443.000000         0.064623        93.250989
   1444.000000         0.064642        93.343048
   1445.000000         0.064661        93.435145
   1446.000000         0.064680        93.527280
   1447.000000         0.064699        93.619453
   1448.000000         0.064718        93.711664
   1449.000000         0.064737        93.803913
   1450.000000         0.064756        93.896200
   1451.000000         0.064775        93.988525
   1452.000000         0.064794        94.080888
   1453.000000         0.064813        94.173289
   1454.000000         0.064832        94.265728
   1455.000000         0.064851        94.358205
   1456.000000         0.064869        94.449264
   1457.000000         0.064888        94.541816
   1458.000000         0.064907        94.634406
   1459.000000         0.064926        94.727034
   1460.000000         0.064945        94.819700
   1461.000000         0.064964        94.912404
   1462.000000         0.064982        95.003684
   1463.000000         0.065001        95.096463
   1464.000000         0.065020        95.189280
   1465.000000         0.065039        95.282135
   1466.000000         0.065057        95.373562
   1467.000000         0.065076        95.466492
   1468.000000         0.065095        95.559460
   1469.000000         0.065114        95.652466
   1470.000000         0.065132        95.744040
   1471.000000         0.065151        95.837121
   1472.000000         0.065170        95.930240
   1473.000000         0.065188        96.021924
   1474.000000         0.065207        96.115118
   1475.000000         0.065225        96.206875
   1476.000000         0.065244        96.300144
   1477.000000         0.065263        96.393451
   1478.000000         0.065281        96.485318
   1479.000000         0.065300        96.578700
   1480.000000         0.065318        96.670640
   1481.000000         0.065337        96.764097
   1482.000000         0.065355        96.856110
   1483.000000         0.065374        96.949642
   1484.000000         0.065393        97.043212
   1485.000000         0.065411        97.135335
   1486.000000         0.065430        97.228980
   1487.000000         0.065448        97.321176
   1488.000000         0.065466        97.413408
   1489.000000         0.065485        97.507165
   1490.000000         0.065503        97.599470
   1491.000000         0.065522        97.693302
   1492.000000         0.065540        97.785680
   1493.000000         0.065559        97.879587
   1494.000000         0.065577        97.972038
   1495.000000         0.065595        98.064525
   1496.000000         0.065614        98.158544
   1497.000000         0.065632        98.251104
   1498.000000         0.065650        98.343700
   1499.000000         0.065669        98.437831
   1500.000000         0.065687        98.530500
   1501.000000         0.065705        98.623205
   1502.000000         0.065724        98.717448
   1503.000000         0.065742        98.810226
   1504.000000         0.065760        98.903040
   1505.000000         0.065778        98.995890
   1506.000000         0.065797        99.090282
   1507.000000         0.065815        99.183205
   1508.000000         0.065833        99.276164
   1509.000000         0.065851        99.369159
   1510.000000         0.065870        99.463700
   1511.000000         0.065888        99.556768
   1512.000000         0.065906        99.649872
   1513.000000         0.065924        99.743012
   1514.000000         0.065942        99.836188
   1515.000000         0.065960        99.929400
   1516.000000         0.065979       100.024164
   1517.000000         0.065997       100.117449
   1518.000000         0.066015       100.210770
   1519.000000         0.066033       100.304127
   1520.000000         0.066051       100.397520
   1521.000000         0.066069       100.490949
   1522.000000         0.066087       100.584414
   1523.000000         0.066105       100.677915
   1524.000000         0.066123       100.771452
   1525.000000         0.066141       100.865025
   1526.000000         0.066159       100.958634
   1527.000000         0.066177       101.052279
   1528.000000         0.066195       101.145960
   1529.000000         0.066213       101.239677
   1530.000000         0.066231       101.333430
   1531.000000         0.066249       101.427219
   1532.000000         0.066267       101.521044
   1533.000000         0.066285       101.614905
   1534.000000         0.066303       101.708802
   1535.000000         0.066321       101.802735
   1536.000000         0.066339       101.896704
   1537.000000         0.066356       101.989172
   1538.000000         0.066374       102.083212
   1539.000000         0.066392       102.177288
   1540.000000         0.066410       102.271400
   1541.000000         0.066428       102.365548
   1542.000000         0.066446       102.459732
   1543.000000         0.066464       102.553952
   1544.000000         0.066481       102.646664
   1545.000000         0.066499       102.740955
   1546.000000         0.066517       102.835282
   1547.000000         0.066535       102.929645
   1548.000000         0.066552       103.022496
   1549.000000         0.066570       103.116930
   1550.000000         0.066588       103.211400
   1551.000000         0.066606       103.305906
   1552.000000         0.066623       103.398896
   1553.000000         0.066641       103.493473
   1554.000000         0.066659       103.588086
   1555.000000         0.066676       103.681180
   1556.000000         0.066694       103.775864
   1557.000000         0.066712       103.870584
   1558.000000         0.066729       103.963782
   1559.000000         0.066747       104.058573
   1560.000000         0.066765       104.153400
   1561.000000         0.066782       104.246702
   1562.000000         0.066800       104.341600
   1563.000000         0.066817       104.434971
   1564.000000         0.066835       104.529940
   1565.000000         0.066853       104.624945
   1566.000000         0.066870       104.718420
   1567.000000         0.066888       104.813496
   1568.000000         0.066905       104.907040
   1569.000000         0.066923       105.002187
   1570.000000         0.066940       105.095800
   1571.000000         0.066958       105.191018
   1572.000000         0.066975       105.284700
   1573.000000         0.066993       105.379989
   1574.000000         0.067010       105.473740
   1575.000000         0.067028       105.569100
   1576.000000         0.067045       105.662920
   1577.000000         0.067062       105.756774
   1578.000000         0.067080       105.852240
   1579.000000         0.067097       105.946163
   1580.000000         0.067115       106.041700
   1581.000000         0.067132       106.135692
   1582.000000         0.067149       106.229718
   1583.000000         0.067167       106.325361
   1584.000000         0.067184       106.419456
   1585.000000         0.067202       106.515170
   1586.000000         0.067219       106.609334
   1587.000000         0.067236       106.703532
   1588.000000         0.067254       106.799352
   1589.000000         0.067271       106.893619
   1590.000000         0.067288       106.987920
   1591.000000         0.067305       107.082255
   1592.000000         0.067323       107.178216
   1593.000000         0.067340       107.272620
   1594.000000         0.067357       107.367058
   1595.000000         0.067374       107.461530
   1596.000000         0.067392       107.557632
   1597.000000         0.067409       107.652173
   1598.000000         0.067426       107.746748
   1599.000000         0.067443       107.841357
   1600.000000         0.067460       107.936000
   1601.000000         0.067478       108.032278
   1602.000000         0.067495       108.126990
   1603.000000         0.067512       108.221736
   1604.000000         0.067529       108.316516
   1605.000000         0.067546       108.411330
   1606.000000         0.067563       108.506178
   1607.000000         0.067580       108.601060
   1608.000000         0.067598       108.697584
   1609.000000         0.067615       108.792535
   1610.000000         0.067632       108.887520
   1611.000000         0.067649       108.982539
   1612.000000         0.067666       109.077592
   1613.000000         0.067683       109.172679
   1614.000000         0.067700       109.267800
   1615.000000         0.067717       109.362955
   1616.000000         0.067734       109.458144
   1617.000000         0.067751       109.553367
   1618.000000         0.067768       109.648624
   1619.000000         0.067785       109.743915
   1620.000000         0.067802       109.839240
   1621.000000         0.067819       109.934599
   1622.000000         0.067836       110.029992
   1623.000000         0.067853       110.125419
   1624.000000         0.067870       110.220880
   1625.000000         0.067887       110.316375
   1626.000000         0.067904       110.411904
   1627.000000         0.067921       110.507467
   1628.000000         0.067937       110.601436
   1629.000000         0.067954       110.697066
   1630.000000         0.067971       110.792730
   1631.000000         0.067988       110.888428
   1632.000000         0.068005       110.984160
   1633.000000         0.068022       111.079926
   1634.000000         0.068039       111.175726
   1635.000000         0.068055       111.269925
   1636.000000         0.068072       111.365792
   1637.000000         0.068089       111.461693
   1638.000000         0.068106       111.557628
   1639.000000         0.068123       111.653597
   1640.000000         0.068139       111.747960
   1641.000000         0.068156       111.843996
   1642.000000         0.068173       111.940066
   1643.000000         0.068190       112.036170
   1644.000000         0.068206       112.130664
   1645.000000         0.068223       112.226835
   1646.000000         0.068240       112.323040
   1647.000000         0.068256       112.417632
   1648.000000         0.068273       112.513904
   1649.000000         0.068290       112.610210
   1650.000000         0.068307       112.706550
   1651.000000         0.068323       112.801273
   1652.000000         0.068340       112.897680
   1653.000000         0.068356       112.992468
   1654.000000         0.068373       113.088942
   1655.000000         0.068390       113.185450
   1656.000000         0.068406       113.280336
   1657.000000         0.068423       113.376911
   1658.000000         0.068440       113.473520
   1659.000000         0.068456       113.568504
   1660.000000         0.068473       113.665180
   1661.000000         0.068489       113.760229
   1662.000000         0.068506       113.856972
   1663.000000         0.068522       113.952086
   1664.000000         0.068539       114.048896
   1665.000000         0.068555       114.144075
   1666.000000         0.068572       114.240952
   1667.000000         0.068588       114.336196
   1668.000000         0.068605       114.433140
   1669.000000         0.068621       114.528449
   1670.000000         0.068638       114.625460
   1671.000000         0.068654       114.720834
   1672.000000         0.068671       114.817912
   1673.000000         0.068687       114.913351
   1674.000000         0.068704       115.010496
   1675.000000         0.068720       115.106000
   1676.000000         0.068737       115.203212
   1677.000000         0.068753       115.298781
   1678.000000         0.068769       115.394382
   1679.000000         0.068786       115.491694
   1680.000000         0.068802       115.587360
   1681.000000         0.068818       115.683058
   1682.000000         0.068835       115.780470
   1683.000000         0.068851       115.876233
   1684.000000         0.068868       115.973712
   1685.000000         0.068884       116.069540
   1686.000000         0.068900       116.165400
   1687.000000         0.068916       116.261292
   1688.000000         0.068933       116.358904
   1689.000000         0.068949       116.454861
   1690.000000         0.068965       116.550850
   1691.000000         0.068982       116.648562
   1692.000000         0.068998       116.744616
   1693.000000         0.069014       116.840702
   1694.000000         0.069030       116.936820
   1695.000000         0.069047       117.034665
   1696.000000         0.069063       117.130848
   1697.000000         0.069079       117.227063
   1698.000000         0.069095       117.323310
   1699.000000         0.069111       117.419589
   1700.000000         0.069128       117.517600
   1701.000000         0.069144       117.613944
   1702.000000         0.069160       117.710320
   1703.000000         0.069176       117.806728
   1704.000000         0.069192       117.903168
   1705.000000         0.069208       117.999640
   1706.000000         0.069225       118.097850
   1707.000000         0.069241       118.194387
   1708.000000         0.069257       118.290956
   1709.000000         0.069273       118.387557
   1710.000000         0.069289       118.484190
   1711.000000         0.069305       118.580855
   1712.000000         0.069321       118.677552
   1713.000000         0.069337       118.774281
   1714.000000         0.069353       118.871042
   1715.000000         0.069369       118.967835
   1716.000000         0.069385       119.064660
   1717.000000         0.069401       119.161517
   1718.000000         0.069417       119.258406
   1719.000000         0.069433       119.355327
   1720.000000         0.069449       119.452280
   1721.000000         0.069465       119.549265
   1722.000000         0.069481       119.646282
   1723.000000         0.069497       119.743331
   1724.000000         0.069513       119.840412
   1725.000000         0.069529       119.937525
   1726.000000         0.069545       120.034670
   1727.000000         0.069561       120.131847
   1728.000000         0.069577       120.229056
   1729.000000         0.069593       120.326297
   1730.000000         0.069609       120.423570
   1731.000000         0.069625       120.520875
   1732.000000         0.069641       120.618212
   1733.000000         0.069657       120.715581
   1734.000000         0.069672       120.811248
   1735.000000         0.069688       120.908680
   1736.000000         0.069704       121.006144
   1737.000000         0.069720       121.103640
   1738.000000         0.069736       121.201168
   1739.000000         0.069752       121.298728
   1740.000000         0.069768       121.396320
   1741.000000         0.069783       121.492203
   1742.000000         0.069799       121.589858
   1743.000000         0.069815       121.687545
   1744.000000         0.069831       121.785264
   1745.000000         0.069846       121.881270
   1746.000000         0.069862       121.979052
   1747.000000         0.069878       122.076866
   1748.000000         0.069894       122.174712
   1749.000000         0.069909       122.270841
   1750.000000         0.069925       122.368750
   1751.000000         0.069941       122.466691
   1752.000000         0.069957       122.564664
   1753.000000         0.069972       122.660916
   1754.000000         0.069988       122.758952
   1755.000000         0.070004       122.857020
   1756.000000         0.070019       122.953364
   1757.000000         0.070035       123.051495
   1758.000000         0.070051       123.149658
   1759.000000         0.070066       123.246094
   1760.000000         0.070082       123.344320
   1761.000000         0.070098       123.442578
   1762.000000         0.070113       123.539106
   1763.000000         0.070129       123.637427
   1764.000000         0.070144       123.734016
   1765.000000         0.070160       123.832400
   1766.000000         0.070176       123.930816
   1767.000000         0.070191       124.027497
   1768.000000         0.070207       124.125976
   1769.000000         0.070222       124.222718
   1770.000000         0.070238       124.321260
   1771.000000         0.070253       124.418063
   1772.000000         0.070269       124.516668
   1773.000000         0.070285       124.615305
   1774.000000         0.070300       124.712200
   1775.000000         0.070316       124.810900
   1776.000000         0.070331       124.907856
   1777.000000         0.070347       125.006619
   1778.000000         0.070362       125.103636
   1779.000000         0.070378       125.202462
   1780.000000         0.070393       125.299540
   1781.000000         0.070408       125.396648
   1782.000000         0.070424       125.495568
   1783.000000         0.070439       125.592737
   1784.000000         0.070455       125.691720
   1785.000000         0.070470       125.788950
   1786.000000         0.070486       125.887996
   1787.000000         0.070501       125.985287
   1788.000000         0.070516       126.082608
   1789.000000         0.070532       126.181748
   1790.000000         0.070547       126.279130
   1791.000000         0.070563       126.378333
   1792.000000         0.070578       126.475776
   1793.000000         0.070593       126.573249
   1794.000000         0.070609       126.672546
   1795.000000         0.070624       126.770080
   1796.000000         0.070639       126.867644
   1797.000000         0.070655       126.967035
   1798.000000         0.070670       127.064660
   1799.000000         0.070685       127.162315
   1800.000000         0.070701       127.261800
   1801.000000         0.070716       127.359516
   1802.000000         0.070731       127.457262
   1803.000000         0.070746       127.555038
   1804.000000         0.070762       127.654648
   1805.000000         0.070777       127.752485
   1806.000000         0.070792       127.850352
   1807.000000         0.070807       127.948249
   1808.000000         0.070823       128.047984
   1809.000000         0.070838       128.145942
   1810.000000         0.070853       128.243930
   1811.000000         0.070868       128.341948
   1812.000000         0.070883       128.439996
   1813.000000         0.070899       128.539887
   1814.000000         0.070914       128.637996
   1815.000000         0.070929       128.736135
   1816.000000         0.070944       128.834304
   1817.000000         0.070959       128.932503
   1818.000000         0.070974       129.030732
   1819.000000         0.070990       129.130810
   1820.000000         0.071005       129.229100
   1821.000000         0.071020       129.327420
   1822.000000         0.071035       129.425770
   1823.000000         0.071050       129.524150
   1824.000000         0.071065       129.622560
   1825.000000         0.071080       129.721000
   1826.000000         0.071095       129.819470
   1827.000000         0.071110       129.917970
   1828.000000         0.071125       130.016500
   1829.000000         0.071140       130.115060
   1830.000000         0.071156       130.215480
   1831.000000         0.071171       130.314101
   1832.000000         0.071186       130.412752
   1833.000000         0.071201       130.511433
   1834.000000         0.071216       130.610144
   1835.000000         0.071231       130.708885
   1836.000000         0.071246       130.807656
   1837.000000         0.071261       130.906457
   1838.000000         0.071276       131.005288
   1839.000000         0.071291       131.104149
   1840.000000         0.071306       131.203040
   1841.000000         0.071321       131.301961
   1842.000000         0.071335       131.399070
   1843.000000         0.071350       131.498050
   1844.000000         0.071365       131.597060
   1845.000000         0.071380       131.696100
   1846.000000         0.071395       131.795170
   1847.000000         0.071410       131.894270
   1848.000000         0.071425       131.993400
   1849.000000         0.071440       132.092560
   1850.000000         0.071455       132.191750
   1851.000000         0.071470       132.290970
   1852.000000         0.071485       132.390220
   1853.000000         0.071499       132.487647
   1854.000000         0.071514       132.586956
   1855.000000         0.071529       132.686295
   1856.000000         0.071544       132.785664
   1857.000000         0.071559       132.885063
   1858.000000         0.071574       132.984492
   1859.000000         0.071588       133.082092
   1860.000000         0.071603       133.181580
   1861.000000         0.071618       133.281098
   1862.000000         0.071633       133.380646
   1863.000000         0.071648       133.480224
   1864.000000         0.071662       133.577968
   1865.000000         0.071677       133.677605
   1866.000000         0.071692       133.777272
   1867.000000         0.071707       133.876969
   1868.000000         0.071721       133.974828
   1869.000000         0.071736       134.074584
   1870.000000         0.071751       134.174370
   1871.000000         0.071766       134.274186
   1872.000000         0.071780       134.372160
   1873.000000         0.071795       134.472035
   1874.000000         0.071810       134.571940
   1875.000000         0.071824       134.670000
   1876.000000         0.071839       134.769964
   1877.000000         0.071854       134.869958
   1878.000000         0.071868       134.968104
   1879.000000         0.071883       135.068157
   1880.000000         0.071898       135.168240
   1881.000000         0.071912       135.266472
   1882.000000         0.071927       135.366614
   1883.000000         0.071942       135.466786
   1884.000000         0.071956       135.565104
   1885.000000         0.071971       135.665335
   1886.000000         0.071985       135.763710
   1887.000000         0.072000       135.864000
   1888.000000         0.072015       135.964320
   1889.000000         0.072029       136.062781
   1890.000000         0.072044       136.163160
   1891.000000         0.072058       136.261678
   1892.000000         0.072073       136.362116
   1893.000000         0.072087       136.460691
   1894.000000         0.072102       136.561188
   1895.000000         0.072117       136.661715
   1896.000000         0.072131       136.760376
   1897.000000         0.072146       136.860962
   1898.000000         0.072160       136.959680
   1899.000000         0.072175       137.060325
   1900.000000         0.072189       137.159100
