      1.000000         0.000000         0.000000
      2.000000         0.000000         0.000000
      3.000000         0.000000         0.000000
      4.000000         0.000000         0.000000
      5.000000         0.000002         0.000010
      6.000000         0.000004         0.000024
      7.000000         0.000007         0.000049
      8.000000         0.000011         0.000088
      9.000000         0.000015         0.000135
     10.000000         0.000020         0.000200
     11.000000         0.000026         0.000286
     12.000000         0.000032         0.000384
     13.000000         0.000039         0.000507
     14.000000         0.000046         0.000644
     15.000000         0.000053         0.000795
     16.000000         0.000061         0.000976
     17.000000         0.000070         0.001190
     18.000000         0.000078         0.001404
     19.000000         0.000088         0.001672
     20.000000         0.000097         0.001940
     21.000000         0.000108         0.002268
     22.000000         0.000119         0.002618
     23.000000         0.000131         0.003013
     24.000000         0.000143         0.003432
     25.000000         0.000156         0.003900
     26.000000         0.000171         0.004446
     27.000000         0.000186         0.005022
     28.000000         0.000202         0.005656
     29.000000         0.000219         0.006351
     30.000000         0.000237         0.007110
     31.000000         0.000256         0.007936
     32.000000         0.000277         0.008864
     33.000000         0.000298         0.009834
     34.000000         0.000321         0.010914
     35.000000         0.000345         0.012075
     36.000000         0.000370         0.013320
     37.000000         0.000396         0.014652
     38.000000         0.000423         0.016074
     39.000000         0.000452         0.017628
     40.000000         0.000482         0.019280
     41.000000         0.000513         0.021033
     42.000000         0.000546         0.022932
     43.000000         0.000579         0.024897
     44.000000         0.000614         0.027016
     45.000000         0.000650         0.029250
     46.000000         0.000687         0.031602
     47.000000         0.000726         0.034122
     48.000000         0.000765         0.036720
     49.000000         0.000806         0.039494
     50.000000         0.000848         0.042400
     51.000000         0.000891         0.045441
     52.000000         0.000935         0.048620
     53.000000         0.000980         0.051940
     54.000000         0.001027         0.055458
     55.000000         0.001074         0.059070
     56.000000         0.001123         0.062888
     57.000000         0.001172         0.066804
     58.000000         0.001223         0.070934
     59.000000         0.001274         0.075166
     60.000000         0.001327         0.079620
     61.000000         0.001380         0.084180
     62.000000         0.001435         0.088970
     63.000000         0.001490         0.093870
     64.000000         0.001547         0.099008
     65.000000         0.001604         0.104260
     66.000000         0.001663         0.109758
     67.000000         0.001722         0.115374
     68.000000         0.001782         0.121176
     69.000000         0.001844         0.127236
     70.000000         0.001906         0.133420
     71.000000         0.001969         0.139799
     72.000000         0.002032         0.146304
     73.000000         0.002097         0.153081
     74.000000         0.002162         0.159988
     75.000000         0.002229         0.167175
     76.000000         0.002296         0.174496
     77.000000         0.002364         0.182028
     78.000000         0.002433         0.189774
     79.000000         0.002502         0.197658
     80.000000         0.002572         0.205760
     81.000000         0.002643         0.214083
     82.000000         0.002715         0.222630
     83.000000         0.002788         0.231404
     84.000000         0.002861         0.240324
     85.000000         0.002935         0.249475
     86.000000         0.003009         0.258774
     87.000000         0.003085         0.268395
     88.000000         0.003161         0.278168
     89.000000         0.003237         0.288093
     90.000000         0.003315         0.298350
     91.000000         0.003392         0.308672
     92.000000         0.003471         0.319332
     93.000000         0.003550         0.330150
     94.000000         0.003630         0.341220
     95.000000         0.003710         0.352450
     96.000000         0.003791         0.363936
     97.000000         0.003872         0.375584
     98.000000         0.003954         0.387492
     99.000000         0.004036         0.399564
    100.000000         0.004119         0.411900
    101.000000         0.004203         0.424503
    102.000000         0.004287         0.437274
    103.000000         0.004371         0.450213
    104.000000         0.004456         0.463424
    105.000000         0.004541         0.476805
    106.000000         0.004627         0.490462
    107.000000         0.004713         0.504291
    108.000000         0.004800         0.518400
    109.000000         0.004887         0.532683
    110.000000         0.004974         0.547140
    111.000000         0.005062         0.561882
    112.000000         0.005150         0.576800
    113.000000         0.005239         0.592007
    114.000000         0.005328         0.607392
    115.000000         0.005417         0.622955
    116.000000         0.005506         0.638696
    117.000000         0.005596         0.654732
    118.000000         0.005686         0.670948
    119.000000         0.005777         0.687463
    120.000000         0.005867         0.704040
    121.000000         0.005958         0.720918
    122.000000         0.006050         0.738100
    123.000000         0.006141         0.755343
    124.000000         0.006233         0.772892
    125.000000         0.006325         0.790625
    126.000000         0.006417         0.808542
    127.000000         0.006509         0.826643
    128.000000         0.006602         0.845056
    129.000000         0.006695         0.863655
    130.000000         0.006788         0.882440
    131.000000         0.006881         0.901411
    132.000000         0.006974         0.920568
    133.000000         0.007068         0.940044
    134.000000         0.007161         0.959574
    135.000000         0.007255         0.979425
    136.000000         0.007349         0.999464
    137.000000         0.007443         1.019691
    138.000000         0.007537         1.040106
    139.000000         0.007631         1.060709
    140.000000         0.007726         1.081640
    141.000000         0.007820         1.102620
    142.000000         0.007915         1.123930
    143.000000         0.008009         1.145287
    144.000000         0.008104         1.166976
    145.000000         0.008199         1.188855
    146.000000         0.008293         1.210778
    147.000000         0.008388         1.233036
    148.000000         0.008483         1.255484
    149.000000         0.008578         1.278122
    150.000000         0.008673         1.300950
    151.000000         0.008768         1.323968
    152.000000         0.008863         1.347176
    153.000000         0.008958         1.370574
    154.000000         0.009054         1.394316
    155.000000         0.009149         1.418095
    156.000000         0.009244         1.442064
    157.000000         0.009339         1.466223
    158.000000         0.009434         1.490572
    159.000000         0.009529         1.515111
    160.000000         0.009624         1.539840
    161.000000         0.009719         1.564759
    162.000000         0.009814         1.589868
    163.000000         0.009909         1.615167
    164.000000         0.010004         1.640656
    165.000000         0.010099         1.666335
    166.000000         0.010194         1.692204
    167.000000         0.010289         1.718263
    168.000000         0.010384         1.744512
    169.000000         0.010479         1.770951
    170.000000         0.010573         1.797410
    171.000000         0.010668         1.824228
    172.000000         0.010762         1.851064
    173.000000         0.010857         1.878261
    174.000000         0.010951         1.905474
    175.000000         0.011046         1.933050
    176.000000         0.011140         1.960640
    177.000000         0.011234         1.988418
    178.000000         0.011328         2.016384
    179.000000         0.011422         2.044538
    180.000000         0.011516         2.072880
    181.000000         0.011610         2.101410
    182.000000         0.011704         2.130128
    183.000000         0.011797         2.158851
    184.000000         0.011891         2.187944
    185.000000         0.011984         2.217040
    186.000000         0.012077         2.246322
    187.000000         0.012171         2.275977
    188.000000         0.012264         2.305632
    189.000000         0.012357         2.335473
    190.000000         0.012450         2.365500
    191.000000         0.012542         2.395522
    192.000000         0.012635         2.425920
    193.000000         0.012727         2.456311
    194.000000         0.012820         2.487080
    195.000000         0.012912         2.517840
    196.000000         0.013004         2.548784
    197.000000         0.013096         2.579912
    198.000000         0.013188         2.611224
    199.000000         0.013280         2.642720
    200.000000         0.013371         2.674200
    201.000000         0.013463         2.706063
    202.000000         0.013554         2.737908
    203.000000         0.013645         2.769935
    204.000000         0.013736         2.802144
    205.000000         0.013827         2.834535
    206.000000         0.013918         2.867108
    207.000000         0.014008         2.899656
    208.000000         0.014099         2.932592
    209.000000         0.014189         2.965501
    210.000000         0.014279         2.998590
    211.000000         0.014369         3.031859
    212.000000         0.014459         3.065308
    213.000000         0.014549         3.098937
    214.000000         0.014638         3.132532
    215.000000         0.014728         3.166520
    216.000000         0.014817         3.200472
    217.000000         0.014906         3.234602
    218.000000         0.014995         3.268910
    219.000000         0.015084         3.303396
    220.000000         0.015172         3.337840
    221.000000         0.015261         3.372681
    222.000000         0.015349         3.407478
    223.000000         0.015437         3.442451
    224.000000         0.015525         3.477600
    225.000000         0.015613         3.512925
    226.000000         0.015701         3.548426
    227.000000         0.015788         3.583876
    228.000000         0.015875         3.619500
    229.000000         0.015963         3.655527
    230.000000         0.016049         3.691270
    231.000000         0.016136         3.727416
    232.000000         0.016223         3.763736
    233.000000         0.016309         3.799997
    234.000000         0.016396         3.836664
    235.000000         0.016482         3.873270
    236.000000         0.016568         3.910048
    237.000000         0.016654         3.946998
    238.000000         0.016739         3.983882
    239.000000         0.016825         4.021175
    240.000000         0.016910         4.058400
    241.000000         0.016995         4.095795
    242.000000         0.017080         4.133360
    243.000000         0.017165         4.171095
    244.000000         0.017250         4.209000
    245.000000         0.017334         4.246830
    246.000000         0.017419         4.285074
    247.000000         0.017503         4.323241
    248.000000         0.017587         4.361576
    249.000000         0.017670         4.399830
    250.000000         0.017754         4.438500
    251.000000         0.017838         4.477338
    252.000000         0.017921         4.516092
    253.000000         0.018004         4.555012
    254.000000         0.018087         4.594098
    255.000000         0.018170         4.633350
    256.000000         0.018252         4.672512
    257.000000         0.018335         4.712095
    258.000000         0.018417         4.751586
    259.000000         0.018499         4.791241
    260.000000         0.018581         4.831060
    261.000000         0.018663         4.871043
    262.000000         0.018744         4.910928
    263.000000         0.018826         4.951238
    264.000000         0.018907         4.991448
    265.000000         0.018988         5.031820
    266.000000         0.019069         5.072354
    267.000000         0.019150         5.113050
    268.000000         0.019230         5.153640
    269.000000         0.019311         5.194659
    270.000000         0.019391         5.235570
    271.000000         0.019471         5.276641
    272.000000         0.019551         5.317872
    273.000000         0.019631         5.359263
    274.000000         0.019710         5.400540
    275.000000         0.019790         5.442250
    276.000000         0.019869         5.483844
    277.000000         0.019948         5.525596
    278.000000         0.020027         5.567506
    279.000000         0.020105         5.609295
    280.000000         0.020184         5.651520
    281.000000         0.020262         5.693622
    282.000000         0.020341         5.736162
    283.000000         0.020419         5.778577
    284.000000         0.020497         5.821148
    285.000000         0.020574         5.863590
    286.000000         0.020652         5.906472
    287.000000         0.020729         5.949223
    288.000000         0.020806         5.992128
    289.000000         0.020884         6.035476
    290.000000         0.020960         6.078400
    291.000000         0.021037         6.121767
    292.000000         0.021114         6.165288
    293.000000         0.021190         6.208670
    294.000000         0.021266         6.252204
    295.000000         0.021343         6.296185
    296.000000         0.021418         6.339728
    297.000000         0.021494         6.383718
    298.000000         0.021570         6.427860
    299.000000         0.021645         6.471855
    300.000000         0.021721         6.516300
    301.000000         0.021796         6.560596
    302.000000         0.021871         6.605042
    303.000000         0.021945         6.649335
    304.000000         0.022020         6.694080
    305.000000         0.022095         6.738975
    306.000000         0.022169         6.783714
    307.000000         0.022243         6.828601
    308.000000         0.022317         6.873636
    309.000000         0.022391         6.918819
    310.000000         0.022465         6.964150
    311.000000         0.022538         7.009318
    312.000000         0.022612         7.054944
    313.000000         0.022685         7.100405
    314.000000         0.022758         7.146012
    315.000000         0.022831         7.191765
    316.000000         0.022904         7.237664
    317.000000         0.022976         7.283392
    318.000000         0.023049         7.329582
    319.000000         0.023121         7.375599
    320.000000         0.023193         7.421760
    321.000000         0.023265         7.468065
    322.000000         0.023337         7.514514
    323.000000         0.023409         7.561107
    324.000000         0.023480         7.607520
    325.000000         0.023552         7.654400
    326.000000         0.023623         7.701098
    327.000000         0.023694         7.747938
    328.000000         0.023765         7.794920
    329.000000         0.023836         7.842044
    330.000000         0.023906         7.888980
    331.000000         0.023977         7.936387
    332.000000         0.024047         7.983604
    333.000000         0.024117         8.030961
    334.000000         0.024187         8.078458
    335.000000         0.024257         8.126095
    336.000000         0.024327         8.173872
    337.000000         0.024397         8.221789
    338.000000         0.024466         8.269508
    339.000000         0.024536         8.317704
    340.000000         0.024605         8.365700
    341.000000         0.024674         8.413834
    342.000000         0.024743         8.462106
    343.000000         0.024811         8.510173
    344.000000         0.024880         8.558720
    345.000000         0.024948         8.607060
    346.000000         0.025017         8.655882
    347.000000         0.025085         8.704495
    348.000000         0.025153         8.753244
    349.000000         0.025221         8.802129
    350.000000         0.025289         8.851150
    351.000000         0.025356         8.899956
    352.000000         0.025424         8.949248
    353.000000         0.025491         8.998323
    354.000000         0.025558         9.047532
    355.000000         0.025625         9.096875
    356.000000         0.025692         9.146352
    357.000000         0.025759         9.195963
    358.000000         0.025826         9.245708
    359.000000         0.025892         9.295228
    360.000000         0.025958         9.344880
    361.000000         0.026025         9.395025
    362.000000         0.026091         9.444942
    363.000000         0.026157         9.494991
    364.000000         0.026223         9.545172
    365.000000         0.026288         9.595120
    366.000000         0.026354         9.645564
    367.000000         0.026419         9.695773
    368.000000         0.026485         9.746480
    369.000000         0.026550         9.796950
    370.000000         0.026615         9.847550
    371.000000         0.026680         9.898280
    372.000000         0.026744         9.948768
    373.000000         0.026809         9.999757
    374.000000         0.026874        10.050876
    375.000000         0.026938        10.101750
    376.000000         0.027002        10.152752
    377.000000         0.027066        10.203882
    378.000000         0.027130        10.255140
    379.000000         0.027194        10.306526
    380.000000         0.027258        10.358040
    381.000000         0.027321        10.409301
    382.000000         0.027385        10.461070
    383.000000         0.027448        10.512584
    384.000000         0.027512        10.564608
    385.000000         0.027575        10.616375
    386.000000         0.027638        10.668268
    387.000000         0.027700        10.719900
    388.000000         0.027763        10.772044
    389.000000         0.027826        10.824314
    390.000000         0.027888        10.876320
    391.000000         0.027951        10.928841
    392.000000         0.028013        10.981096
    393.000000         0.028075        11.033475
    394.000000         0.028137        11.085978
    395.000000         0.028199        11.138605
    396.000000         0.028260        11.190960
    397.000000         0.028322        11.243834
    398.000000         0.028384        11.296832
    399.000000         0.028445        11.349555
    400.000000         0.028506        11.402400
    401.000000         0.028567        11.455367
    402.000000         0.028628        11.508456
    403.000000         0.028689        11.561667
    404.000000         0.028750        11.615000
    405.000000         0.028811        11.668455
    406.000000         0.028871        11.721626
    407.000000         0.028932        11.775324
    408.000000         0.028992        11.828736
    409.000000         0.029052        11.882268
    410.000000         0.029112        11.935920
    411.000000         0.029172        11.989692
    412.000000         0.029232        12.043584
    413.000000         0.029292        12.097596
    414.000000         0.029351        12.151314
    415.000000         0.029411        12.205565
    416.000000         0.029470        12.259520
    417.000000         0.029529        12.313593
    418.000000         0.029588        12.367784
    419.000000         0.029648        12.422512
    420.000000         0.029706        12.476520
    421.000000         0.029765        12.531065
    422.000000         0.029824        12.585728
    423.000000         0.029883        12.640509
    424.000000         0.029941        12.694984
    425.000000         0.029999        12.749575
    426.000000         0.030058        12.804708
    427.000000         0.030116        12.859532
    428.000000         0.030174        12.914472
    429.000000         0.030232        12.969528
    430.000000         0.030290        13.024700
    431.000000         0.030347        13.079557
    432.000000         0.030405        13.134960
    433.000000         0.030462        13.190046
    434.000000         0.030520        13.245680
    435.000000         0.030577        13.300995
    436.000000         0.030634        13.356424
    437.000000         0.030691        13.411967
    438.000000         0.030748        13.467624
    439.000000         0.030805        13.523395
    440.000000         0.030862        13.579280
    441.000000         0.030918        13.634838
    442.000000         0.030975        13.690950
    443.000000         0.031031        13.746733
    444.000000         0.031088        13.803072
    445.000000         0.031144        13.859080
    446.000000         0.031200        13.915200
    447.000000         0.031256        13.971432
    448.000000         0.031312        14.027776
    449.000000         0.031368        14.084232
    450.000000         0.031423        14.140350
    451.000000         0.031479        14.197029
    452.000000         0.031534        14.253368
    453.000000         0.031590        14.310270
    454.000000         0.031645        14.366830
    455.000000         0.031700        14.423500
    456.000000         0.031755        14.480280
    457.000000         0.031810        14.537170
    458.000000         0.031865        14.594170
    459.000000         0.031920        14.651280
    460.000000         0.031975        14.708500
    461.000000         0.032029        14.765369
    462.000000         0.032084        14.822808
    463.000000         0.032138        14.879894
    464.000000         0.032193        14.937552
    465.000000         0.032247        14.994855
    466.000000         0.032301        15.052266
    467.000000         0.032355        15.109785
    468.000000         0.032409        15.167412
    469.000000         0.032463        15.225147
    470.000000         0.032516        15.282520
    471.000000         0.032570        15.340470
    472.000000         0.032623        15.398056
    473.000000         0.032677        15.456221
    474.000000         0.032730        15.514020
    475.000000         0.032783        15.571925
    476.000000         0.032837        15.630412
    477.000000         0.032890        15.688530
    478.000000         0.032943        15.746754
    479.000000         0.032995        15.804605
    480.000000         0.033048        15.863040
    481.000000         0.033101        15.921581
    482.000000         0.033153        15.979746
    483.000000         0.033206        16.038498
    484.000000         0.033258        16.096872
    485.000000         0.033311        16.155835
    486.000000         0.033363        16.214418
    487.000000         0.033415        16.273105
    488.000000         0.033467        16.331896
    489.000000         0.033519        16.390791
    490.000000         0.033571        16.449790
    491.000000         0.033623        16.508893
    492.000000         0.033674        16.567608
    493.000000         0.033726        16.626918
    494.000000         0.033777        16.685838
    495.000000         0.033829        16.745355
    496.000000         0.033880        16.804480
    497.000000         0.033931        16.863707
    498.000000         0.033982        16.923036
    499.000000         0.034033        16.982467
    500.000000         0.034084        17.042000
    501.000000         0.034135        17.101635
    502.000000         0.034186        17.161372
    503.000000         0.034237        17.221211
    504.000000         0.034287        17.280648
    505.000000         0.034338        17.340690
    506.000000         0.034388        17.400328
    507.000000         0.034439        17.460573
    508.000000         0.034489        17.520412
    509.000000         0.034539        17.580351
    510.000000         0.034589        17.640390
    511.000000         0.034639        17.700529
    512.000000         0.034689        17.760768
    513.000000         0.034739        17.821107
    514.000000         0.034789        17.881546
    515.000000         0.034839        17.942085
    516.000000         0.034888        18.002208
    517.000000         0.034938        18.062946
    518.000000         0.034987        18.123266
    519.000000         0.035037        18.184203
    520.000000         0.035086        18.244720
    521.000000         0.035135        18.305335
    522.000000         0.035184        18.366048
    523.000000         0.035233        18.426859
    524.000000         0.035282        18.487768
    525.000000         0.035331        18.548775
    526.000000         0.035380        18.609880
    527.000000         0.035428        18.670556
    528.000000         0.035477        18.731856
    529.000000         0.035526        18.793254
    530.000000         0.035574        18.854220
    531.000000         0.035622        18.915282
    532.000000         0.035671        18.976972
    533.000000         0.035719        19.038227
    534.000000         0.035767        19.099578
    535.000000         0.035815        19.161025
    536.000000         0.035863        19.222568
    537.000000         0.035911        19.284207
    538.000000         0.035959        19.345942
    539.000000         0.036007        19.407773
    540.000000         0.036054        19.469160
    541.000000         0.036102        19.531182
    542.000000         0.036149        19.592758
    543.000000         0.036197        19.654971
    544.000000         0.036244        19.716736
    545.000000         0.036291        19.778595
    546.000000         0.036339        19.841094
    547.000000         0.036386        19.903142
    548.000000         0.036433        19.965284
    549.000000         0.036480        20.027520
    550.000000         0.036527        20.089850
    551.000000         0.036574        20.152274
    552.000000         0.036620        20.214240
    553.000000         0.036667        20.276851
    554.000000         0.036714        20.339556
    555.000000         0.036760        20.401800
    556.000000         0.036807        20.464692
    557.000000         0.036853        20.527121
    558.000000         0.036899        20.589642
    559.000000         0.036946        20.652814
    560.000000         0.036992        20.715520
    561.000000         0.037038        20.778318
    562.000000         0.037084        20.841208
    563.000000         0.037130        20.904190
    564.000000         0.037176        20.967264
    565.000000         0.037221        21.029865
    566.000000         0.037267        21.093122
    567.000000         0.037313        21.156471
    568.000000         0.037358        21.219344
    569.000000         0.037404        21.282876
    570.000000         0.037449        21.345930
    571.000000         0.037495        21.409645
    572.000000         0.037540        21.472880
    573.000000         0.037585        21.536205
    574.000000         0.037631        21.600194
    575.000000         0.037676        21.663700
    576.000000         0.037721        21.727296
    577.000000         0.037766        21.790982
    578.000000         0.037811        21.854758
    579.000000         0.037855        21.918045
    580.000000         0.037900        21.982000
    581.000000         0.037945        22.046045
    582.000000         0.037989        22.109598
    583.000000         0.038034        22.173822
    584.000000         0.038078        22.237552
    585.000000         0.038123        22.301955
    586.000000         0.038167        22.365862
    587.000000         0.038211        22.429857
    588.000000         0.038256        22.494528
    589.000000         0.038300        22.558700
    590.000000         0.038344        22.622960
    591.000000         0.038388        22.687308
    592.000000         0.038432        22.751744
    593.000000         0.038476        22.816268
    594.000000         0.038519        22.880286
    595.000000         0.038563        22.944985
    596.000000         0.038607        23.009772
    597.000000         0.038650        23.074050
    598.000000         0.038694        23.139012
    599.000000         0.038737        23.203463
    600.000000         0.038781        23.268600
    601.000000         0.038824        23.333224
    602.000000         0.038868        23.398536
    603.000000         0.038911        23.463333
    604.000000         0.038954        23.528216
    605.000000         0.038997        23.593185
    606.000000         0.039040        23.658240
    607.000000         0.039083        23.723381
    608.000000         0.039126        23.788608
    609.000000         0.039169        23.853921
    610.000000         0.039211        23.918710
    611.000000         0.039254        23.984194
    612.000000         0.039297        24.049764
    613.000000         0.039339        24.114807
    614.000000         0.039382        24.180548
    615.000000         0.039424        24.245760
    616.000000         0.039467        24.311672
    617.000000         0.039509        24.377053
    618.000000         0.039551        24.442518
    619.000000         0.039594        24.508686
    620.000000         0.039636        24.574320
    621.000000         0.039678        24.640038
    622.000000         0.039720        24.705840
    623.000000         0.039762        24.771726
    624.000000         0.039804        24.837696
    625.000000         0.039845        24.903125
    626.000000         0.039887        24.969262
    627.000000         0.039929        25.035483
    628.000000         0.039971        25.101788
    629.000000         0.040012        25.167548
    630.000000         0.040054        25.234020
    631.000000         0.040095        25.299945
    632.000000         0.040137        25.366584
    633.000000         0.040178        25.432674
    634.000000         0.040219        25.498846
    635.000000         0.040261        25.565735
    636.000000         0.040302        25.632072
    637.000000         0.040343        25.698491
    638.000000         0.040384        25.764992
    639.000000         0.040425        25.831575
    640.000000         0.040466        25.898240
    641.000000         0.040507        25.964987
    642.000000         0.040548        26.031816
    643.000000         0.040588        26.098084
    644.000000         0.040629        26.165076
    645.000000         0.040670        26.232150
    646.000000         0.040710        26.298660
    647.000000         0.040751        26.365897
    648.000000         0.040791        26.432568
    649.000000         0.040832        26.499968
    650.000000         0.040872        26.566800
    651.000000         0.040912        26.633712
    652.000000         0.040953        26.701356
    653.000000         0.040993        26.768429
    654.000000         0.041033        26.835582
    655.000000         0.041073        26.902815
    656.000000         0.041113        26.970128
    657.000000         0.041153        27.037521
    658.000000         0.041193        27.104994
    659.000000         0.041233        27.172547
    660.000000         0.041273        27.240180
    661.000000         0.041313        27.307893
    662.000000         0.041352        27.375024
    663.000000         0.041392        27.442896
    664.000000         0.041431        27.510184
    665.000000         0.041471        27.578215
    666.000000         0.041510        27.645660
    667.000000         0.041550        27.713850
    668.000000         0.041589        27.781452
    669.000000         0.041629        27.849801
    670.000000         0.041668        27.917560
    671.000000         0.041707        27.985397
    672.000000         0.041746        28.053312
    673.000000         0.041785        28.121305
    674.000000         0.041824        28.189376
    675.000000         0.041863        28.257525
    676.000000         0.041902        28.325752
    677.000000         0.041941        28.394057
    678.000000         0.041980        28.462440
    679.000000         0.042019        28.530901
    680.000000         0.042058        28.599440
    681.000000         0.042096        28.667376
    682.000000         0.042135        28.736070
    683.000000         0.042173        28.804159
    684.000000         0.042212        28.873008
    685.000000         0.042250        28.941250
    686.000000         0.042289        29.010254
    687.000000         0.042327        29.078649
    688.000000         0.042366        29.147808
    689.000000         0.042404        29.216356
    690.000000         0.042442        29.284980
    691.000000         0.042480        29.353680
    692.000000         0.042518        29.422456
    693.000000         0.042556        29.491308
    694.000000         0.042594        29.560236
    695.000000         0.042632        29.629240
    696.000000         0.042670        29.698320
    697.000000         0.042708        29.767476
    698.000000         0.042746        29.836708
    699.000000         0.042784        29.906016
    700.000000         0.042821        29.974700
    701.000000         0.042859        30.044159
    702.000000         0.042897        30.113694
    703.000000         0.042934        30.182602
    704.000000         0.042972        30.252288
    705.000000         0.043009        30.321345
    706.000000         0.043047        30.391182
    707.000000         0.043084        30.460388
    708.000000         0.043121        30.529668
    709.000000         0.043159        30.599731
    710.000000         0.043196        30.669160
    711.000000         0.043233        30.738663
    712.000000         0.043270        30.808240
    713.000000         0.043307        30.877891
    714.000000         0.043344        30.947616
    715.000000         0.043381        31.017415
    716.000000         0.043418        31.087288
    717.000000         0.043455        31.157235
    718.000000         0.043492        31.227256
    719.000000         0.043529        31.297351
    720.000000         0.043565        31.366800
    721.000000         0.043602        31.437042
    722.000000         0.043639        31.507358
    723.000000         0.043675        31.577025
    724.000000         0.043712        31.647488
    725.000000         0.043748        31.717300
    726.000000         0.043785        31.787910
    727.000000         0.043821        31.857867
    728.000000         0.043857        31.927896
    729.000000         0.043894        31.998726
    730.000000         0.043930        32.068900
    731.000000         0.043966        32.139146
    732.000000         0.044002        32.209464
    733.000000         0.044039        32.280587
    734.000000         0.044075        32.351050
    735.000000         0.044111        32.421585
    736.000000         0.044147        32.492192
    737.000000         0.044183        32.562871
    738.000000         0.044219        32.633622
    739.000000         0.044254        32.703706
    740.000000         0.044290        32.774600
    741.000000         0.044326        32.845566
    742.000000         0.044362        32.916604
    743.000000         0.044397        32.986971
    744.000000         0.044433        33.058152
    745.000000         0.044469        33.129405
    746.000000         0.044504        33.199984
    747.000000         0.044540        33.271380
    748.000000         0.044575        33.342100
    749.000000         0.044611        33.413639
    750.000000         0.044646        33.484500
    751.000000         0.044681        33.555431
    752.000000         0.044716        33.626432
    753.000000         0.044752        33.698256
    754.000000         0.044787        33.769398
    755.000000         0.044822        33.840610
    756.000000         0.044857        33.911892
    757.000000         0.044892        33.983244
    758.000000         0.044927        34.054666
    759.000000         0.044962        34.126158
    760.000000         0.044997        34.197720
    761.000000         0.045032        34.269352
    762.000000         0.045067        34.341054
    763.000000         0.045102        34.412826
    764.000000         0.045136        34.483904
    765.000000         0.045171        34.555815
    766.000000         0.045206        34.627796
    767.000000         0.045240        34.699080
    768.000000         0.045275        34.771200
    769.000000         0.045310        34.843390
    770.000000         0.045344        34.914880
    771.000000         0.045379        34.987209
    772.000000         0.045413        35.058836
    773.000000         0.045447        35.130531
    774.000000         0.045482        35.203068
    775.000000         0.045516        35.274900
    776.000000         0.045550        35.346800
    777.000000         0.045584        35.418768
    778.000000         0.045619        35.491582
    779.000000         0.045653        35.563687
    780.000000         0.045687        35.635860
    781.000000         0.045721        35.708101
    782.000000         0.045755        35.780410
    783.000000         0.045789        35.852787
    784.000000         0.045823        35.925232
    785.000000         0.045857        35.997745
    786.000000         0.045890        36.069540
    787.000000         0.045924        36.142188
    788.000000         0.045958        36.214904
    789.000000         0.045992        36.287688
    790.000000         0.046025        36.359750
    791.000000         0.046059        36.432669
    792.000000         0.046093        36.505656
    793.000000         0.046126        36.577918
    794.000000         0.046160        36.651040
    795.000000         0.046193        36.723435
    796.000000         0.046227        36.796692
    797.000000         0.046260        36.869220
    798.000000         0.046293        36.941814
    799.000000         0.046327        37.015273
    800.000000         0.046360        37.088000
    801.000000         0.046393        37.160793
    802.000000         0.046427        37.234454
    803.000000         0.046460        37.307380
    804.000000         0.046493        37.380372
    805.000000         0.046526        37.453430
    806.000000         0.046559        37.526554
    807.000000         0.046592        37.599744
    808.000000         0.046625        37.673000
    809.000000         0.046658        37.746322
    810.000000         0.046691        37.819710
    811.000000         0.046724        37.893164
    812.000000         0.046756        37.965872
    813.000000         0.046789        38.039457
    814.000000         0.046822        38.113108
    815.000000         0.046855        38.186825
    816.000000         0.046887        38.259792
    817.000000         0.046920        38.333640
    818.000000         0.046953        38.407554
    819.000000         0.046985        38.480715
    820.000000         0.047018        38.554760
    821.000000         0.047050        38.628050
    822.000000         0.047083        38.702226
    823.000000         0.047115        38.775645
    824.000000         0.047147        38.849128
    825.000000         0.047180        38.923500
    826.000000         0.047212        38.997112
    827.000000         0.047244        39.070788
    828.000000         0.047276        39.144528
    829.000000         0.047309        39.219161
    830.000000         0.047341        39.293030
    831.000000         0.047373        39.366963
    832.000000         0.047405        39.440960
    833.000000         0.047437        39.515021
    834.000000         0.047469        39.589146
    835.000000         0.047501        39.663335
    836.000000         0.047533        39.737588
    837.000000         0.047565        39.811905
    838.000000         0.047597        39.886286
    839.000000         0.047629        39.960731
    840.000000         0.047660        40.034400
    841.000000         0.047692        40.108972
    842.000000         0.047724        40.183608
    843.000000         0.047755        40.257465
    844.000000         0.047787        40.332228
    845.000000         0.047819        40.407055
    846.000000         0.047850        40.481100
    847.000000         0.047882        40.556054
    848.000000         0.047913        40.630224
    849.000000         0.047945        40.705305
    850.000000         0.047976        40.779600
    851.000000         0.048008        40.854808
    852.000000         0.048039        40.929228
    853.000000         0.048070        41.003710
    854.000000         0.048102        41.079108
    855.000000         0.048133        41.153715
    856.000000         0.048164        41.228384
    857.000000         0.048195        41.303115
    858.000000         0.048226        41.377908
    859.000000         0.048257        41.452763
    860.000000         0.048289        41.528540
    861.000000         0.048320        41.603520
    862.000000         0.048351        41.678562
    863.000000         0.048382        41.753666
    864.000000         0.048413        41.828832
    865.000000         0.048443        41.903195
    866.000000         0.048474        41.978484
    867.000000         0.048505        42.053835
    868.000000         0.048536        42.129248
    869.000000         0.048567        42.204723
    870.000000         0.048598        42.280260
    871.000000         0.048628        42.354988
    872.000000         0.048659        42.430648
    873.000000         0.048690        42.506370
    874.000000         0.048720        42.581280
    875.000000         0.048751        42.657125
    876.000000         0.048781        42.732156
    877.000000         0.048812        42.808124
    878.000000         0.048842        42.883276
    879.000000         0.048873        42.959367
    880.000000         0.048903        43.034640
    881.000000         0.048934        43.110854
    882.000000         0.048964        43.186248
    883.000000         0.048994        43.261702
    884.000000         0.049024        43.337216
    885.000000         0.049055        43.413675
    886.000000         0.049085        43.489310
    887.000000         0.049115        43.565005
    888.000000         0.049145        43.640760
    889.000000         0.049175        43.716575
    890.000000         0.049205        43.792450
    891.000000         0.049235        43.868385
    892.000000         0.049266        43.945272
    893.000000         0.049296        44.021328
    894.000000         0.049325        44.096550
    895.000000         0.049355        44.172725
    896.000000         0.049385        44.248960
    897.000000         0.049415        44.325255
    898.000000         0.049445        44.401610
    899.000000         0.049475        44.478025
    900.000000         0.049505        44.554500
    901.000000         0.049534        44.630134
    902.000000         0.049564        44.706728
    903.000000         0.049594        44.783382
    904.000000         0.049623        44.859192
    905.000000         0.049653        44.935965
    906.000000         0.049682        45.011892
    907.000000         0.049712        45.088784
    908.000000         0.049742        45.165736
    909.000000         0.049771        45.241839
    910.000000         0.049800        45.318000
    911.000000         0.049830        45.395130
    912.000000         0.049859        45.471408
    913.000000         0.049889        45.548657
    914.000000         0.049918        45.625052
    915.000000         0.049947        45.701505
    916.000000         0.049977        45.778932
    917.000000         0.050006        45.855502
    918.000000         0.050035        45.932130
    919.000000         0.050064        46.008816
    920.000000         0.050093        46.085560
    921.000000         0.050122        46.162362
    922.000000         0.050152        46.240144
    923.000000         0.050181        46.317063
    924.000000         0.050210        46.394040
    925.000000         0.050239        46.471075
    926.000000         0.050268        46.548168
    927.000000         0.050296        46.624392
    928.000000         0.050325        46.701600
    929.000000         0.050354        46.778866
    930.000000         0.050383        46.856190
    931.000000         0.050412        46.933572
    932.000000         0.050441        47.011012
    933.000000         0.050469        47.087577
    934.000000         0.050498        47.165132
    935.000000         0.050527        47.242745
    936.000000         0.050556        47.320416
    937.000000         0.050584        47.397208
    938.000000         0.050613        47.474994
    939.000000         0.050641        47.551899
    940.000000         0.050670        47.629800
    941.000000         0.050699        47.707759
    942.000000         0.050727        47.784834
    943.000000         0.050755        47.861965
    944.000000         0.050784        47.940096
    945.000000         0.050812        48.017340
    946.000000         0.050841        48.095586
    947.000000         0.050869        48.172943
    948.000000         0.050897        48.250356
    949.000000         0.050926        48.328774
    950.000000         0.050954        48.406300
    951.000000         0.050982        48.483882
    952.000000         0.051010        48.561520
    953.000000         0.051039        48.640167
    954.000000         0.051067        48.717918
    955.000000         0.051095        48.795725
    956.000000         0.051123        48.873588
    957.000000         0.051151        48.951507
    958.000000         0.051179        49.029482
    959.000000         0.051207        49.107513
    960.000000         0.051235        49.185600
    961.000000         0.051263        49.263743
    962.000000         0.051291        49.341942
    963.000000         0.051319        49.420197
    964.000000         0.051347        49.498508
    965.000000         0.051375        49.576875
    966.000000         0.051402        49.654332
    967.000000         0.051430        49.732810
    968.000000         0.051458        49.811344
    969.000000         0.051486        49.889934
    970.000000         0.051513        49.967610
    971.000000         0.051541        50.046311
    972.000000         0.051569        50.125068
    973.000000         0.051596        50.202908
    974.000000         0.051624        50.281776
    975.000000         0.051651        50.359725
    976.000000         0.051679        50.438704
    977.000000         0.051706        50.516762
    978.000000         0.051734        50.595852
    979.000000         0.051761        50.674019
    980.000000         0.051789        50.753220
    981.000000         0.051816        50.831496
    982.000000         0.051844        50.910808
    983.000000         0.051871        50.989193
    984.000000         0.051898        51.067632
    985.000000         0.051926        51.147110
    986.000000         0.051953        51.225658
    987.000000         0.051980        51.304260
    988.000000         0.052007        51.382916
    989.000000         0.052035        51.462615
    990.000000         0.052062        51.541380
    991.000000         0.052089        51.620199
    992.000000         0.052116        51.699072
    993.000000         0.052143        51.777999
    994.000000         0.052170        51.856980
    995.000000         0.052197        51.936015
    996.000000         0.052224        52.015104
    997.000000         0.052251        52.094247
    998.000000         0.052278        52.173444
    999.000000         0.052305        52.252695
   1000.000000         0.052332        52.332000
   1001.000000         0.052359        52.411359
   1002.000000         0.052386        52.490772
   1003.000000         0.052413        52.570239
   1004.000000         0.052439        52.648756
   1005.000000         0.052466        52.728330
   1006.000000         0.052493        52.807958
   1007.000000         0.052520        52.887640
   1008.000000         0.052546        52.966368
   1009.000000         0.052573        53.046157
   1010.000000         0.052600        53.126000
   1011.000000         0.052626        53.204886
   1012.000000         0.052653        53.284836
   1013.000000         0.052679        53.363827
   1014.000000         0.052706        53.443884
   1015.000000         0.052732        53.522980
   1016.000000         0.052759        53.603144
   1017.000000         0.052785        53.682345
   1018.000000         0.052812        53.762616
   1019.000000         0.052838        53.841922
   1020.000000         0.052865        53.922300
   1021.000000         0.052891        54.001711
   1022.000000         0.052917        54.081174
   1023.000000         0.052944        54.161712
   1024.000000         0.052970        54.241280
   1025.000000         0.052996        54.320900
   1026.000000         0.053023        54.401598
   1027.000000         0.053049        54.481323
   1028.000000         0.053075        54.561100
   1029.000000         0.053101        54.640929
   1030.000000         0.053127        54.720810
   1031.000000         0.053153        54.800743
   1032.000000         0.053180        54.881760
   1033.000000         0.053206        54.961798
   1034.000000         0.053232        55.041888
   1035.000000         0.053258        55.122030
   1036.000000         0.053284        55.202224
   1037.000000         0.053310        55.282470
   1038.000000         0.053336        55.362768
   1039.000000         0.053362        55.443118
   1040.000000         0.053387        55.522480
   1041.000000         0.053413        55.602933
   1042.000000         0.053439        55.683438
   1043.000000         0.053465        55.763995
   1044.000000         0.053491        55.844604
   1045.000000         0.053517        55.925265
   1046.000000         0.053542        56.004932
   1047.000000         0.053568        56.085696
   1048.000000         0.053594        56.166512
   1049.000000         0.053620        56.247380
   1050.000000         0.053645        56.327250
   1051.000000         0.053671        56.408221
   1052.000000         0.053696        56.488192
   1053.000000         0.053722        56.569266
   1054.000000         0.053748        56.650392
   1055.000000         0.053773        56.730515
   1056.000000         0.053799        56.811744
   1057.000000         0.053824        56.891968
   1058.000000         0.053850        56.973300
   1059.000000         0.053875        57.053625
   1060.000000         0.053901        57.135060
   1061.000000         0.053926        57.215486
   1062.000000         0.053951        57.295962
   1063.000000         0.053977        57.377551
   1064.000000         0.054002        57.458128
   1065.000000         0.054027        57.538755
   1066.000000         0.054053        57.620498
   1067.000000         0.054078        57.701226
   1068.000000         0.054103        57.782004
   1069.000000         0.054128        57.862832
   1070.000000         0.054154        57.944780
   1071.000000         0.054179        58.025709
   1072.000000         0.054204        58.106688
   1073.000000         0.054229        58.187717
   1074.000000         0.054254        58.268796
   1075.000000         0.054279        58.349925
   1076.000000         0.054304        58.431104
   1077.000000         0.054329        58.512333
   1078.000000         0.054354        58.593612
   1079.000000         0.054379        58.674941
   1080.000000         0.054404        58.756320
   1081.000000         0.054429        58.837749
   1082.000000         0.054454        58.919228
   1083.000000         0.054479        59.000757
   1084.000000         0.054504        59.082336
   1085.000000         0.054529        59.163965
   1086.000000         0.054554        59.245644
   1087.000000         0.054579        59.327373
   1088.000000         0.054603        59.408064
   1089.000000         0.054628        59.489892
   1090.000000         0.054653        59.571770
   1091.000000         0.054678        59.653698
   1092.000000         0.054702        59.734584
   1093.000000         0.054727        59.816611
   1094.000000         0.054752        59.898688
   1095.000000         0.054776        59.979720
   1096.000000         0.054801        60.061896
   1097.000000         0.054826        60.144122
   1098.000000         0.054850        60.225300
   1099.000000         0.054875        60.307625
   1100.000000         0.054899        60.388900
   1101.000000         0.054924        60.471324
   1102.000000         0.054948        60.552696
   1103.000000         0.054973        60.635219
   1104.000000         0.054997        60.716688
   1105.000000         0.055022        60.799310
   1106.000000         0.055046        60.880876
   1107.000000         0.055071        60.963597
   1108.000000         0.055095        61.045260
   1109.000000         0.055119        61.126971
   1110.000000         0.055144        61.209840
   1111.000000         0.055168        61.291648
   1112.000000         0.055192        61.373504
   1113.000000         0.055216        61.455408
   1114.000000         0.055241        61.538474
   1115.000000         0.055265        61.620475
   1116.000000         0.055289        61.702524
   1117.000000         0.055313        61.784621
   1118.000000         0.055337        61.866766
   1119.000000         0.055362        61.950078
   1120.000000         0.055386        62.032320
   1121.000000         0.055410        62.114610
   1122.000000         0.055434        62.196948
   1123.000000         0.055458        62.279334
   1124.000000         0.055482        62.361768
   1125.000000         0.055506        62.444250
   1126.000000         0.055530        62.526780
   1127.000000         0.055554        62.609358
   1128.000000         0.055578        62.691984
   1129.000000         0.055602        62.774658
   1130.000000         0.055626        62.857380
   1131.000000         0.055649        62.939019
   1132.000000         0.055673        63.021836
   1133.000000         0.055697        63.104701
   1134.000000         0.055721        63.187614
   1135.000000         0.055745        63.270575
   1136.000000         0.055769        63.353584
   1137.000000         0.055792        63.435504
   1138.000000         0.055816        63.518608
   1139.000000         0.055840        63.601760
   1140.000000         0.055864        63.684960
   1141.000000         0.055887        63.767067
   1142.000000         0.055911        63.850362
   1143.000000         0.055935        63.933705
   1144.000000         0.055958        64.015952
   1145.000000         0.055982        64.099390
   1146.000000         0.056005        64.181730
   1147.000000         0.056029        64.265263
   1148.000000         0.056052        64.347696
   1149.000000         0.056076        64.431324
   1150.000000         0.056099        64.513850
   1151.000000         0.056123        64.597573
   1152.000000         0.056146        64.680192
   1153.000000         0.056170        64.764010
   1154.000000         0.056193        64.846722
   1155.000000         0.056217        64.930635
   1156.000000         0.056240        65.013440
   1157.000000         0.056263        65.096291
   1158.000000         0.056287        65.180346
   1159.000000         0.056310        65.263290
   1160.000000         0.056333        65.346280
   1161.000000         0.056357        65.430477
   1162.000000         0.056380        65.513560
   1163.000000         0.056403        65.596689
   1164.000000         0.056426        65.679864
   1165.000000         0.056450        65.764250
   1166.000000         0.056473        65.847518
   1167.000000         0.056496        65.930832
   1168.000000         0.056519        66.014192
   1169.000000         0.056542        66.097598
   1170.000000         0.056565        66.181050
   1171.000000         0.056588        66.264548
   1172.000000         0.056612        66.349264
   1173.000000         0.056635        66.432855
   1174.000000         0.056658        66.516492
   1175.000000         0.056681        66.600175
   1176.000000         0.056704        66.683904
   1177.000000         0.056727        66.767679
   1178.000000         0.056750        66.851500
   1179.000000         0.056772        66.934188
   1180.000000         0.056795        67.018100
   1181.000000         0.056818        67.102058
   1182.000000         0.056841        67.186062
   1183.000000         0.056864        67.270112
   1184.000000         0.056887        67.354208
   1185.000000         0.056910        67.438350
   1186.000000         0.056933        67.522538
   1187.000000         0.056955        67.605585
   1188.000000         0.056978        67.689864
   1189.000000         0.057001        67.774189
   1190.000000         0.057024        67.858560
   1191.000000         0.057046        67.941786
   1192.000000         0.057069        68.026248
   1193.000000         0.057092        68.110756
   1194.000000         0.057114        68.194116
   1195.000000         0.057137        68.278715
   1196.000000         0.057160        68.363360
   1197.000000         0.057182        68.446854
   1198.000000         0.057205        68.531590
   1199.000000         0.057227        68.615173
   1200.000000         0.057250        68.700000
   1201.000000         0.057272        68.783672
   1202.000000         0.057295        68.868590
   1203.000000         0.057317        68.952351
   1204.000000         0.057340        69.037360
   1205.000000         0.057362        69.121210
   1206.000000         0.057385        69.206310
   1207.000000         0.057407        69.290249
   1208.000000         0.057430        69.375440
   1209.000000         0.057452        69.459468
   1210.000000         0.057474        69.543540
   1211.000000         0.057497        69.628867
   1212.000000         0.057519        69.713028
   1213.000000         0.057541        69.797233
   1214.000000         0.057564        69.882696
   1215.000000         0.057586        69.966990
   1216.000000         0.057608        70.051328
   1217.000000         0.057630        70.135710
   1218.000000         0.057653        70.221354
   1219.000000         0.057675        70.305825
   1220.000000         0.057697        70.390340
   1221.000000         0.057719        70.474899
   1222.000000         0.057741        70.559502
   1223.000000         0.057764        70.645372
   1224.000000         0.057786        70.730064
   1225.000000         0.057808        70.814800
   1226.000000         0.057830        70.899580
   1227.000000         0.057852        70.984404
   1228.000000         0.057874        71.069272
   1229.000000         0.057896        71.154184
   1230.000000         0.057918        71.239140
   1231.000000         0.057940        71.324140
   1232.000000         0.057962        71.409184
   1233.000000         0.057984        71.494272
   1234.000000         0.058006        71.579404
   1235.000000         0.058028        71.664580
   1236.000000         0.058050        71.749800
   1237.000000         0.058072        71.835064
   1238.000000         0.058093        71.919134
   1239.000000         0.058115        72.004485
   1240.000000         0.058137        72.089880
   1241.000000         0.058159        72.175319
   1242.000000         0.058181        72.260802
   1243.000000         0.058203        72.346329
   1244.000000         0.058224        72.430656
   1245.000000         0.058246        72.516270
   1246.000000         0.058268        72.601928
   1247.000000         0.058290        72.687630
   1248.000000         0.058311        72.772128
   1249.000000         0.058333        72.857917
   1250.000000         0.058355        72.943750
   1251.000000         0.058376        73.028376
   1252.000000         0.058398        73.114296
   1253.000000         0.058419        73.199007
   1254.000000         0.058441        73.285014
   1255.000000         0.058463        73.371065
   1256.000000         0.058484        73.455904
   1257.000000         0.058506        73.542042
   1258.000000         0.058527        73.626966
   1259.000000         0.058549        73.713191
   1260.000000         0.058570        73.798200
   1261.000000         0.058592        73.884512
   1262.000000         0.058613        73.969606
   1263.000000         0.058635        74.056005
   1264.000000         0.058656        74.141184
   1265.000000         0.058678        74.227670
   1266.000000         0.058699        74.312934
   1267.000000         0.058720        74.398240
   1268.000000         0.058742        74.484856
   1269.000000         0.058763        74.570247
   1270.000000         0.058784        74.655680
   1271.000000         0.058806        74.742426
   1272.000000         0.058827        74.827944
   1273.000000         0.058848        74.913504
   1274.000000         0.058870        75.000380
   1275.000000         0.058891        75.086025
   1276.000000         0.058912        75.171712
   1277.000000         0.058933        75.257441
   1278.000000         0.058954        75.343212
   1279.000000         0.058976        75.430304
   1280.000000         0.058997        75.516160
   1281.000000         0.059018        75.602058
   1282.000000         0.059039        75.687998
   1283.000000         0.059060        75.773980
   1284.000000         0.059081        75.860004
   1285.000000         0.059102        75.946070
   1286.000000         0.059124        76.033464
   1287.000000         0.059145        76.119615
   1288.000000         0.059166        76.205808
   1289.000000         0.059187        76.292043
   1290.000000         0.059208        76.378320
   1291.000000         0.059229        76.464639
   1292.000000         0.059250        76.551000
   1293.000000         0.059271        76.637403
   1294.000000         0.059292        76.723848
   1295.000000         0.059312        76.809040
   1296.000000         0.059333        76.895568
   1297.000000         0.059354        76.982138
   1298.000000         0.059375        77.068750
   1299.000000         0.059396        77.155404
   1300.000000         0.059417        77.242100
   1301.000000         0.059438        77.328838
   1302.000000         0.059459        77.415618
   1303.000000         0.059479        77.501137
   1304.000000         0.059500        77.588000
   1305.000000         0.059521        77.674905
   1306.000000         0.059542        77.761852
   1307.000000         0.059562        77.847534
   1308.000000         0.059583        77.934564
   1309.000000         0.059604        78.021636
   1310.000000         0.059625        78.108750
   1311.000000         0.059645        78.194595
   1312.000000         0.059666        78.281792
   1313.000000         0.059687        78.369031
   1314.000000         0.059707        78.454998
   1315.000000         0.059728        78.542320
   1316.000000         0.059748        78.628368
   1317.000000         0.059769        78.715773
   1318.000000         0.059790        78.803220
   1319.000000         0.059810        78.889390
   1320.000000         0.059831        78.976920
   1321.000000         0.059851        79.063171
   1322.000000         0.059872        79.150784
   1323.000000         0.059892        79.237116
   1324.000000         0.059913        79.324812
   1325.000000         0.059933        79.411225
   1326.000000         0.059954        79.499004
   1327.000000         0.059974        79.585498
   1328.000000         0.059995        79.673360
   1329.000000         0.060015        79.759935
   1330.000000         0.060035        79.846550
   1331.000000         0.060056        79.934536
   1332.000000         0.060076        80.021232
   1333.000000         0.060096        80.107968
   1334.000000         0.060117        80.196078
   1335.000000         0.060137        80.282895
   1336.000000         0.060157        80.369752
   1337.000000         0.060178        80.457986
   1338.000000         0.060198        80.544924
   1339.000000         0.060218        80.631902
   1340.000000         0.060238        80.718920
   1341.000000         0.060259        80.807319
   1342.000000         0.060279        80.894418
   1343.000000         0.060299        80.981557
   1344.000000         0.060319        81.068736
   1345.000000         0.060339        81.155955
   1346.000000         0.060360        81.244560
   1347.000000         0.060380        81.331860
   1348.000000         0.060400        81.419200
   1349.000000         0.060420        81.506580
   1350.000000         0.060440        81.594000
   1351.000000         0.060460        81.681460
   1352.000000         0.060480        81.768960
   1353.000000         0.060500        81.856500
   1354.000000         0.060520        81.944080
   1355.000000         0.060540        82.031700
   1356.000000         0.060560        82.119360
   1357.000000         0.060580        82.207060
   1358.000000         0.060600        82.294800
   1359.000000         0.060620        82.382580
   1360.000000         0.060640        82.470400
   1361.000000         0.060660        82.558260
   1362.000000         0.060680        82.646160
   1363.000000         0.060700        82.734100
   1364.000000         0.060720        82.822080
   1365.000000         0.060740        82.910100
   1366.000000         0.060760        82.998160
   1367.000000         0.060779        83.084893
   1368.000000         0.060799        83.173032
   1369.000000         0.060819        83.261211
   1370.000000         0.060839        83.349430
   1371.000000         0.060859        83.437689
   1372.000000         0.060879        83.525988
   1373.000000         0.060898        83.612954
   1374.000000         0.060918        83.701332
   1375.000000         0.060938        83.789750
   1376.000000         0.060958        83.878208
   1377.000000         0.060977        83.965329
   1378.000000         0.060997        84.053866
   1379.000000         0.061017        84.142443
   1380.000000         0.061036        84.229680
   1381.000000         0.061056        84.318336
   1382.000000         0.061076        84.407032
   1383.000000         0.061095        84.494385
   1384.000000         0.061115        84.583160
   1385.000000         0.061134        84.670590
   1386.000000         0.061154        84.759444
   1387.000000         0.061174        84.848338
   1388.000000         0.061193        84.935884
   1389.000000         0.061213        85.024857
   1390.000000         0.061232        85.112480
   1391.000000         0.061252        85.201532
   1392.000000         0.061271        85.289232
   1393.000000         0.061291        85.378363
   1394.000000         0.061310        85.466140
   1395.000000         0.061330        85.555350
   1396.000000         0.061349        85.643204
   1397.000000         0.061369        85.732493
   1398.000000         0.061388        85.820424
   1399.000000         0.061407        85.908393
   1400.000000         0.061427        85.997800
   1401.000000         0.061446        86.085846
   1402.000000         0.061465        86.173930
   1403.000000         0.061485        86.263455
   1404.000000         0.061504        86.351616
   1405.000000         0.061523        86.439815
   1406.000000         0.061543        86.529458
   1407.000000         0.061562        86.617734
   1408.000000         0.061581        86.706048
   1409.000000         0.061601        86.795809
   1410.000000         0.061620        86.884200
   1411.000000         0.061639        86.972629
   1412.000000         0.061658        87.061096
   1413.000000         0.061678        87.151014
   1414.000000         0.061697        87.239558
   1415.000000         0.061716        87.328140
   1416.000000         0.061735        87.416760
   1417.000000         0.061754        87.505418
   1418.000000         0.061773        87.594114
   1419.000000         0.061793        87.684267
   1420.000000         0.061812        87.773040
   1421.000000         0.061831        87.861851
   1422.000000         0.061850        87.950700
   1423.000000         0.061869        88.039587
   1424.000000         0.061888        88.128512
   1425.000000         0.061907        88.217475
   1426.000000         0.061926        88.306476
   1427.000000         0.061945        88.395515
   1428.000000         0.061964        88.484592
   1429.000000         0.061983        88.573707
   1430.000000         0.062002        88.662860
   1431.000000         0.062021        88.752051
   1432.000000         0.062040        88.841280
   1433.000000         0.062059        88.930547
   1434.000000         0.062078        89.019852
   1435.000000         0.062097        89.109195
   1436.000000         0.062116        89.198576
   1437.000000         0.062135        89.287995
   1438.000000         0.062154        89.377452
   1439.000000         0.062173        89.466947
   1440.000000         0.062191        89.555040
   1441.000000         0.062210        89.644610
   1442.000000         0.062229        89.734218
   1443.000000         0.062248        89.823864
   1444.000000         0.062267        89.913548
   1445.000000         0.062286        90.003270
   1446.000000         0.062304        90.091584
   1447.000000         0.062323        90.181381
   1448.000000         0.062342        90.271216
   1449.000000         0.062361        90.361089
   1450.000000         0.062379        90.449550
   1451.000000         0.062398        90.539498
   1452.000000         0.062417        90.629484
   1453.000000         0.062436        90.719508
   1454.000000         0.062454        90.808116
   1455.000000         0.062473        90.898215
   1456.000000         0.062492        90.988352
   1457.000000         0.062510        91.077070
   1458.000000         0.062529        91.167282
   1459.000000         0.062547        91.256073
   1460.000000         0.062566        91.346360
   1461.000000         0.062585        91.436685
   1462.000000         0.062603        91.525586
   1463.000000         0.062622        91.615986
   1464.000000         0.062640        91.704960
   1465.000000         0.062659        91.795435
   1466.000000         0.062677        91.884482
   1467.000000         0.062696        91.975032
   1468.000000         0.062715        92.065620
   1469.000000         0.062733        92.154777
   1470.000000         0.062751        92.243970
   1471.000000         0.062770        92.334670
   1472.000000         0.062788        92.423936
   1473.000000         0.062807        92.514711
   1474.000000         0.062825        92.604050
   1475.000000         0.062844        92.694900
   1476.000000         0.062862        92.784312
   1477.000000         0.062881        92.875237
   1478.000000         0.062899        92.964722
   1479.000000         0.062917        93.054243
   1480.000000         0.062936        93.145280
   1481.000000         0.062954        93.234874
   1482.000000         0.062972        93.324504
   1483.000000         0.062991        93.415653
   1484.000000         0.063009        93.505356
   1485.000000         0.063027        93.595095
   1486.000000         0.063046        93.686356
   1487.000000         0.063064        93.776168
   1488.000000         0.063082        93.866016
   1489.000000         0.063100        93.955900
   1490.000000         0.063119        94.047310
   1491.000000         0.063137        94.137267
   1492.000000         0.063155        94.227260
   1493.000000         0.063173        94.317289
   1494.000000         0.063191        94.407354
   1495.000000         0.063210        94.498950
   1496.000000         0.063228        94.589088
   1497.000000         0.063246        94.679262
   1498.000000         0.063264        94.769472
   1499.000000         0.063282        94.859718
   1500.000000         0.063300        94.950000
   1501.000000         0.063319        95.041819
   1502.000000         0.063337        95.132174
   1503.000000         0.063355        95.222565
   1504.000000         0.063373        95.312992
   1505.000000         0.063391        95.403455
   1506.000000         0.063409        95.493954
   1507.000000         0.063427        95.584489
   1508.000000         0.063445        95.675060
   1509.000000         0.063463        95.765667
   1510.000000         0.063481        95.856310
   1511.000000         0.063499        95.946989
   1512.000000         0.063517        96.037704
   1513.000000         0.063535        96.128455
   1514.000000         0.063553        96.219242
   1515.000000         0.063571        96.310065
   1516.000000         0.063589        96.400924
   1517.000000         0.063607        96.491819
   1518.000000         0.063625        96.582750
   1519.000000         0.063642        96.672198
   1520.000000         0.063660        96.763200
   1521.000000         0.063678        96.854238
   1522.000000         0.063696        96.945312
   1523.000000         0.063714        97.036422
   1524.000000         0.063732        97.127568
   1525.000000         0.063750        97.218750
   1526.000000         0.063767        97.308442
   1527.000000         0.063785        97.399695
   1528.000000         0.063803        97.490984
   1529.000000         0.063821        97.582309
   1530.000000         0.063839        97.673670
   1531.000000         0.063856        97.763536
   1532.000000         0.063874        97.854968
   1533.000000         0.063892        97.946436
   1534.000000         0.063910        98.037940
   1535.000000         0.063927        98.127945
   1536.000000         0.063945        98.219520
   1537.000000         0.063963        98.311131
   1538.000000         0.063980        98.401240
   1539.000000         0.063998        98.492922
   1540.000000         0.064016        98.584640
   1541.000000         0.064033        98.674853
   1542.000000         0.064051        98.766642
   1543.000000         0.064069        98.858467
   1544.000000         0.064086        98.948784
   1545.000000         0.064104        99.040680
   1546.000000         0.064121        99.131066
   1547.000000         0.064139        99.223033
   1548.000000         0.064157        99.315036
   1549.000000         0.064174        99.405526
   1550.000000         0.064192        99.497600
   1551.000000         0.064209        99.588159
   1552.000000         0.064227        99.680304
   1553.000000         0.064244        99.770932
   1554.000000         0.064262        99.863148
   1555.000000         0.064279        99.953845
   1556.000000         0.064297       100.046132
   1557.000000         0.064314       100.136898
   1558.000000         0.064332       100.229256
   1559.000000         0.064349       100.320091
   1560.000000         0.064367       100.412520
   1561.000000         0.064384       100.503424
   1562.000000         0.064401       100.594362
   1563.000000         0.064419       100.686897
   1564.000000         0.064436       100.777904
   1565.000000         0.064454       100.870510
   1566.000000         0.064471       100.961586
   1567.000000         0.064488       101.052696
   1568.000000         0.064506       101.145408
   1569.000000         0.064523       101.236587
   1570.000000         0.064540       101.327800
   1571.000000         0.064558       101.420618
   1572.000000         0.064575       101.511900
   1573.000000         0.064592       101.603216
   1574.000000         0.064609       101.694566
   1575.000000         0.064627       101.787525
   1576.000000         0.064644       101.878944
   1577.000000         0.064661       101.970397
   1578.000000         0.064678       102.061884
   1579.000000         0.064696       102.154984
   1580.000000         0.064713       102.246540
   1581.000000         0.064730       102.338130
   1582.000000         0.064747       102.429754
   1583.000000         0.064765       102.522995
   1584.000000         0.064782       102.614688
   1585.000000         0.064799       102.706415
   1586.000000         0.064816       102.798176
   1587.000000         0.064833       102.889971
   1588.000000         0.064850       102.981800
   1589.000000         0.064867       103.073663
   1590.000000         0.064885       103.167150
   1591.000000         0.064902       103.259082
   1592.000000         0.064919       103.351048
   1593.000000         0.064936       103.443048
   1594.000000         0.064953       103.535082
   1595.000000         0.064970       103.627150
   1596.000000         0.064987       103.719252
   1597.000000         0.065004       103.811388
   1598.000000         0.065021       103.903558
   1599.000000         0.065038       103.995762
   1600.000000         0.065055       104.088000
   1601.000000         0.065072       104.180272
   1602.000000         0.065089       104.272578
   1603.000000         0.065106       104.364918
   1604.000000         0.065123       104.457292
   1605.000000         0.065140       104.549700
   1606.000000         0.065157       104.642142
   1607.000000         0.065174       104.734618
   1608.000000         0.065191       104.827128
   1609.000000         0.065208       104.919672
   1610.000000         0.065225       105.012250
   1611.000000         0.065241       105.103251
   1612.000000         0.065258       105.195896
   1613.000000         0.065275       105.288575
   1614.000000         0.065292       105.381288
   1615.000000         0.065309       105.474035
   1616.000000         0.065326       105.566816
   1617.000000         0.065343       105.659631
   1618.000000         0.065359       105.750862
   1619.000000         0.065376       105.843744
   1620.000000         0.065393       105.936660
   1621.000000         0.065410       106.029610
   1622.000000         0.065427       106.122594
   1623.000000         0.065443       106.213989
   1624.000000         0.065460       106.307040
   1625.000000         0.065477       106.400125
   1626.000000         0.065494       106.493244
   1627.000000         0.065510       106.584770
   1628.000000         0.065527       106.677956
   1629.000000         0.065544       106.771176
   1630.000000         0.065560       106.862800
   1631.000000         0.065577       106.956087
   1632.000000         0.065594       107.049408
   1633.000000         0.065610       107.141130
   1634.000000         0.065627       107.234518
   1635.000000         0.065644       107.327940
   1636.000000         0.065660       107.419760
   1637.000000         0.065677       107.513249
   1638.000000         0.065694       107.606772
   1639.000000         0.065710       107.698690
   1640.000000         0.065727       107.792280
   1641.000000         0.065743       107.884263
   1642.000000         0.065760       107.977920
   1643.000000         0.065777       108.071611
   1644.000000         0.065793       108.163692
   1645.000000         0.065810       108.257450
   1646.000000         0.065826       108.349596
   1647.000000         0.065843       108.443421
   1648.000000         0.065859       108.535632
   1649.000000         0.065876       108.629524
   1650.000000         0.065892       108.721800
   1651.000000         0.065909       108.815759
   1652.000000         0.065925       108.908100
   1653.000000         0.065942       109.002126
   1654.000000         0.065958       109.094532
   1655.000000         0.065975       109.188625
   1656.000000         0.065991       109.281096
   1657.000000         0.066007       109.373599
   1658.000000         0.066024       109.467792
   1659.000000         0.066040       109.560360
   1660.000000         0.066057       109.654620
   1661.000000         0.066073       109.747253
   1662.000000         0.066089       109.839918
   1663.000000         0.066106       109.934278
   1664.000000         0.066122       110.027008
   1665.000000         0.066139       110.121435
   1666.000000         0.066155       110.214230
   1667.000000         0.066171       110.307057
   1668.000000         0.066188       110.401584
   1669.000000         0.066204       110.494476
   1670.000000         0.066220       110.587400
   1671.000000         0.066236       110.680356
   1672.000000         0.066253       110.775016
   1673.000000         0.066269       110.868037
   1674.000000         0.066285       110.961090
   1675.000000         0.066302       111.055850
   1676.000000         0.066318       111.148968
   1677.000000         0.066334       111.242118
   1678.000000         0.066350       111.335300
   1679.000000         0.066366       111.428514
   1680.000000         0.066383       111.523440
   1681.000000         0.066399       111.616719
   1682.000000         0.066415       111.710030
   1683.000000         0.066431       111.803373
   1684.000000         0.066447       111.896748
   1685.000000         0.066464       111.991840
   1686.000000         0.066480       112.085280
   1687.000000         0.066496       112.178752
   1688.000000         0.066512       112.272256
   1689.000000         0.066528       112.365792
   1690.000000         0.066544       112.459360
   1691.000000         0.066560       112.552960
   1692.000000         0.066576       112.646592
   1693.000000         0.066593       112.741949
   1694.000000         0.066609       112.835646
   1695.000000         0.066625       112.929375
   1696.000000         0.066641       113.023136
   1697.000000         0.066657       113.116929
   1698.000000         0.066673       113.210754
   1699.000000         0.066689       113.304611
   1700.000000         0.066705       113.398500
   1701.000000         0.066721       113.492421
   1702.000000         0.066737       113.586374
   1703.000000         0.066753       113.680359
   1704.000000         0.066769       113.774376
   1705.000000         0.066785       113.868425
   1706.000000         0.066801       113.962506
   1707.000000         0.066817       114.056619
   1708.000000         0.066833       114.150764
   1709.000000         0.066849       114.244941
   1710.000000         0.066865       114.339150
   1711.000000         0.066880       114.431680
   1712.000000         0.066896       114.525952
   1713.000000         0.066912       114.620256
   1714.000000         0.066928       114.714592
   1715.000000         0.066944       114.808960
   1716.000000         0.066960       114.903360
   1717.000000         0.066976       114.997792
   1718.000000         0.066992       115.092256
   1719.000000         0.067007       115.185033
   1720.000000         0.067023       115.279560
   1721.000000         0.067039       115.374119
   1722.000000         0.067055       115.468710
   1723.000000         0.067071       115.563333
   1724.000000         0.067087       115.657988
   1725.000000         0.067102       115.750950
   1726.000000         0.067118       115.845668
   1727.000000         0.067134       115.940418
   1728.000000         0.067150       116.035200
   1729.000000         0.067165       116.128285
   1730.000000         0.067181       116.223130
   1731.000000         0.067197       116.318007
   1732.000000         0.067213       116.412916
   1733.000000         0.067228       116.506124
   1734.000000         0.067244       116.601096
   1735.000000         0.067260       116.696100
   1736.000000         0.067275       116.789400
   1737.000000         0.067291       116.884467
   1738.000000         0.067307       116.979566
   1739.000000         0.067322       117.072958
   1740.000000         0.067338       117.168120
   1741.000000         0.067354       117.263314
   1742.000000         0.067369       117.356798
   1743.000000         0.067385       117.452055
   1744.000000         0.067401       117.547344
   1745.000000         0.067416       117.640920
   1746.000000         0.067432       117.736272
   1747.000000         0.067447       117.829909
   1748.000000         0.067463       117.925324
   1749.000000         0.067479       118.020771
   1750.000000         0.067494       118.114500
   1751.000000         0.067510       118.210010
   1752.000000         0.067525       118.303800
   1753.000000         0.067541       118.399373
   1754.000000         0.067556       118.493224
   1755.000000         0.067572       118.588860
   1756.000000         0.067587       118.682772
   1757.000000         0.067603       118.778471
   1758.000000         0.067618       118.872444
   1759.000000         0.067634       118.968206
   1760.000000         0.067649       119.062240
   1761.000000         0.067665       119.158065
   1762.000000         0.067680       119.252160
   1763.000000         0.067696       119.348048
   1764.000000         0.067711       119.442204
   1765.000000         0.067727       119.538155
   1766.000000         0.067742       119.632372
   1767.000000         0.067757       119.726619
   1768.000000         0.067773       119.822664
   1769.000000         0.067788       119.916972
   1770.000000         0.067804       120.013080
   1771.000000         0.067819       120.107449
   1772.000000         0.067834       120.201848
   1773.000000         0.067850       120.298050
   1774.000000         0.067865       120.392510
   1775.000000         0.067881       120.488775
   1776.000000         0.067896       120.583296
   1777.000000         0.067911       120.677847
   1778.000000         0.067927       120.774206
   1779.000000         0.067942       120.868818
   1780.000000         0.067957       120.963460
   1781.000000         0.067972       121.058132
   1782.000000         0.067988       121.154616
   1783.000000         0.068003       121.249349
   1784.000000         0.068018       121.344112
   1785.000000         0.068034       121.440690
   1786.000000         0.068049       121.535514
   1787.000000         0.068064       121.630368
   1788.000000         0.068079       121.725252
   1789.000000         0.068095       121.821955
   1790.000000         0.068110       121.916900
   1791.000000         0.068125       122.011875
   1792.000000         0.068140       122.106880
   1793.000000         0.068155       122.201915
   1794.000000         0.068171       122.298774
   1795.000000         0.068186       122.393870
   1796.000000         0.068201       122.488996
   1797.000000         0.068216       122.584152
   1798.000000         0.068231       122.679338
   1799.000000         0.068246       122.774554
   1800.000000         0.068262       122.871600
   1801.000000         0.068277       122.966877
   1802.000000         0.068292       123.062184
   1803.000000         0.068307       123.157521
   1804.000000         0.068322       123.252888
   1805.000000         0.068337       123.348285
   1806.000000         0.068352       123.443712
   1807.000000         0.068367       123.539169
   1808.000000         0.068382       123.634656
   1809.000000         0.068397       123.730173
   1810.000000         0.068412       123.825720
   1811.000000         0.068427       123.921297
   1812.000000         0.068443       124.018716
   1813.000000         0.068458       124.114354
   1814.000000         0.068473       124.210022
   1815.000000         0.068488       124.305720
   1816.000000         0.068503       124.401448
   1817.000000         0.068518       124.497206
   1818.000000         0.068533       124.592994
   1819.000000         0.068548       124.688812
   1820.000000         0.068563       124.784660
   1821.000000         0.068578       124.880538
   1822.000000         0.068592       124.974624
   1823.000000         0.068607       125.070561
   1824.000000         0.068622       125.166528
   1825.000000         0.068637       125.262525
   1826.000000         0.068652       125.358552
   1827.000000         0.068667       125.454609
   1828.000000         0.068682       125.550696
   1829.000000         0.068697       125.646813
   1830.000000         0.068712       125.742960
   1831.000000         0.068727       125.839137
   1832.000000         0.068742       125.935344
   1833.000000         0.068757       126.031581
   1834.000000         0.068771       126.126014
   1835.000000         0.068786       126.222310
   1836.000000         0.068801       126.318636
   1837.000000         0.068816       126.414992
   1838.000000         0.068831       126.511378
   1839.000000         0.068846       126.607794
   1840.000000         0.068860       126.702400
   1841.000000         0.068875       126.798875
   1842.000000         0.068890       126.895380
   1843.000000         0.068905       126.991915
   1844.000000         0.068920       127.088480
   1845.000000         0.068934       127.183230
   1846.000000         0.068949       127.279854
   1847.000000         0.068964       127.376508
   1848.000000         0.068979       127.473192
   1849.000000         0.068993       127.568057
   1850.000000         0.069008       127.664800
   1851.000000         0.069023       127.761573
   1852.000000         0.069038       127.858376
   1853.000000         0.069052       127.953356
   1854.000000         0.069067       128.050218
   1855.000000         0.069082       128.147110
   1856.000000         0.069096       128.242176
   1857.000000         0.069111       128.339127
   1858.000000         0.069126       128.436108
   1859.000000         0.069140       128.531260
   1860.000000         0.069155       128.628300
   1861.000000         0.069170       128.725370
   1862.000000         0.069184       128.820608
   1863.000000         0.069199       128.917737
   1864.000000         0.069214       129.014896
   1865.000000         0.069228       129.110220
   1866.000000         0.069243       129.207438
   1867.000000         0.069257       129.302819
   1868.000000         0.069272       129.400096
   1869.000000         0.069287       129.497403
   1870.000000         0.069301       129.592870
   1871.000000         0.069316       129.690236
   1872.000000         0.069330       129.785760
   1873.000000         0.069345       129.883185
   1874.000000         0.069359       129.978766
   1875.000000         0.069374       130.076250
   1876.000000         0.069388       130.171888
   1877.000000         0.069403       130.269431
   1878.000000         0.069417       130.365126
   1879.000000         0.069432       130.462728
   1880.000000         0.069446       130.558480
   1881.000000         0.069461       130.656141
   1882.000000         0.069475       130.751950
   1883.000000         0.069490       130.849670
   1884.000000         0.069504       130.945536
   1885.000000         0.069519       131.043315
   1886.000000         0.069533       131.139238
   1887.000000         0.069548       131.237076
   1888.000000         0.069562       131.333056
   1889.000000         0.069577       131.430953
   1890.000000         0.069591       131.526990
   1891.000000         0.069606       131.624946
   1892.000000         0.069620       131.721040
   1893.000000         0.069634       131.817162
   1894.000000         0.069649       131.915206
   1895.000000         0.069663       132.011385
   1896.000000         0.069677       132.107592
   1897.000000         0.069692       132.205724
   1898.000000         0.069706       132.301988
   1899.000000         0.069721       132.400179
   1900.000000         0.069735       132.496500
