      1.000000         0.000000         0.000000
      2.000000         0.000000         0.000000
      3.000000         0.000000         0.000000
      4.000000         0.000000         0.000000
      5.000000         0.000000         0.000000
      6.000000         0.000000         0.000000
      7.000000         0.000000         0.000000
      8.000000         0.000000         0.000000
      9.000000         0.000000         0.000000
     10.000000         0.000001         0.000010
     11.000000         0.000001         0.000011
     12.000000         0.000002         0.000024
     13.000000         0.000003         0.000039
     14.000000         0.000005         0.000070
     15.000000         0.000007         0.000105
     16.000000         0.000009         0.000144
     17.000000         0.000012         0.000204
     18.000000         0.000015         0.000270
     19.000000         0.000019         0.000361
     20.000000         0.000024         0.000480
     21.000000         0.000030         0.000630
     22.000000         0.000036         0.000792
     23.000000         0.000043         0.000989
     24.000000         0.000051         0.001224
     25.000000         0.000060         0.001500
     26.000000         0.000070         0.001820
     27.000000         0.000081         0.002187
     28.000000         0.000093         0.002604
     29.000000         0.000106         0.003074
     30.000000         0.000121         0.003630
     31.000000         0.000137         0.004247
     32.000000         0.000154         0.004928
     33.000000         0.000172         0.005676
     34.000000         0.000192         0.006528
     35.000000         0.000213         0.007455
     36.000000         0.000236         0.008496
     37.000000         0.000260         0.009620
     38.000000         0.000285         0.010830
     39.000000         0.000312         0.012168
     40.000000         0.000341         0.013640
     41.000000         0.000370         0.015170
     42.000000         0.000402         0.016884
     43.000000         0.000434         0.018662
     44.000000         0.000468         0.020592
     45.000000         0.000504         0.022680
     46.000000         0.000541         0.024886
     47.000000         0.000579         0.027213
     48.000000         0.000618         0.029664
     49.000000         0.000659         0.032291
     50.000000         0.000702         0.035100
     51.000000         0.000745         0.037995
     52.000000         0.000790         0.041080
     53.000000         0.000836         0.044308
     54.000000         0.000884         0.047736
     55.000000         0.000933         0.051315
     56.000000         0.000983         0.055048
     57.000000         0.001034         0.058938
     58.000000         0.001086         0.062988
     59.000000         0.001140         0.067260
     60.000000         0.001195         0.071700
     61.000000         0.001251         0.076311
     62.000000         0.001308         0.081096
     63.000000         0.001366         0.086058
     64.000000         0.001425         0.091200
     65.000000         0.001486         0.096590
     66.000000         0.001547         0.102102
     67.000000         0.001610         0.107870
     68.000000         0.001673         0.113764
     69.000000         0.001738         0.119922
     70.000000         0.001803         0.126210
     71.000000         0.001870         0.132770
     72.000000         0.001938         0.139536
     73.000000         0.002006         0.146438
     74.000000         0.002076         0.153624
     75.000000         0.002146         0.160950
     76.000000         0.002218         0.168568
     77.000000         0.002290         0.176330
     78.000000         0.002363         0.184314
     79.000000         0.002437         0.192523
     80.000000         0.002512         0.200960
     81.000000         0.002588         0.209628
     82.000000         0.002665         0.218530
     83.000000         0.002742         0.227586
     84.000000         0.002820         0.236880
     85.000000         0.002899         0.246415
     86.000000         0.002979         0.256194
     87.000000         0.003059         0.266133
     88.000000         0.003141         0.276408
     89.000000         0.003222         0.286758
     90.000000         0.003305         0.297450
     91.000000         0.003388         0.308308
     92.000000         0.003472         0.319424
     93.000000         0.003557         0.330801
     94.000000         0.003642         0.342348
     95.000000         0.003728         0.354160
     96.000000         0.003815         0.366240
     97.000000         0.003902         0.378494
     98.000000         0.003989         0.390922
     99.000000         0.004078         0.403722
    100.000000         0.004166         0.416600
    101.000000         0.004256         0.429856
    102.000000         0.004346         0.443292
    103.000000         0.004436         0.456908
    104.000000         0.004527         0.470808
    105.000000         0.004618         0.484890
    106.000000         0.004710         0.499260
    107.000000         0.004802         0.513814
    108.000000         0.004895         0.528660
    109.000000         0.004988         0.543692
    110.000000         0.005081         0.558910
    111.000000         0.005175         0.574425
    112.000000         0.005269         0.590128
    113.000000         0.005364         0.606132
    114.000000         0.005459         0.622326
    115.000000         0.005554         0.638710
    116.000000         0.005650         0.655400
    117.000000         0.005746         0.672282
    118.000000         0.005842         0.689356
    119.000000         0.005939         0.706741
    120.000000         0.006036         0.724320
    121.000000         0.006133         0.742093
    122.000000         0.006230         0.760060
    123.000000         0.006328         0.778344
    124.000000         0.006426         0.796824
    125.000000         0.006524         0.815500
    126.000000         0.006622         0.834372
    127.000000         0.006721         0.853567
    128.000000         0.006820         0.872960
    129.000000         0.006918         0.892422
    130.000000         0.007018         0.912340
    131.000000         0.007117         0.932327
    132.000000         0.007216         0.952512
    133.000000         0.007316         0.973028
    134.000000         0.007416         0.993744
    135.000000         0.007515         1.014525
    136.000000         0.007615         1.035640
    137.000000         0.007716         1.057092
    138.000000         0.007816         1.078608
    139.000000         0.007916         1.100324
    140.000000         0.008016         1.122240
    141.000000         0.008117         1.144497
    142.000000         0.008217         1.166814
    143.000000         0.008318         1.189474
    144.000000         0.008419         1.212336
    145.000000         0.008519         1.235255
    146.000000         0.008620         1.258520
    147.000000         0.008721         1.281987
    148.000000         0.008822         1.305656
    149.000000         0.008923         1.329527
    150.000000         0.009024         1.353600
    151.000000         0.009125         1.377875
    152.000000         0.009225         1.402200
    153.000000         0.009326         1.426878
    154.000000         0.009427         1.451758
    155.000000         0.009528         1.476840
    156.000000         0.009629         1.502124
    157.000000         0.009730         1.527610
    158.000000         0.009831         1.553298
    159.000000         0.009931         1.579029
    160.000000         0.010032         1.605120
    161.000000         0.010133         1.631413
    162.000000         0.010234         1.657908
    163.000000         0.010334         1.684442
    164.000000         0.010435         1.711340
    165.000000         0.010535         1.738275
    166.000000         0.010636         1.765576
    167.000000         0.010736         1.792912
    168.000000         0.010836         1.820448
    169.000000         0.010936         1.848184
    170.000000         0.011037         1.876290
    171.000000         0.011137         1.904427
    172.000000         0.011237         1.932764
    173.000000         0.011336         1.961128
    174.000000         0.011436         1.989864
    175.000000         0.011536         2.018800
    176.000000         0.011635         2.047760
    177.000000         0.011735         2.077095
    178.000000         0.011834         2.106452
    179.000000         0.011933         2.136007
    180.000000         0.012033         2.165940
    181.000000         0.012132         2.195892
    182.000000         0.012230         2.225860
    183.000000         0.012329         2.256207
    184.000000         0.012428         2.286752
    185.000000         0.012526         2.317310
    186.000000         0.012625         2.348250
    187.000000         0.012723         2.379201
    188.000000         0.012821         2.410348
    189.000000         0.012919         2.441691
    190.000000         0.013017         2.473230
    191.000000         0.013114         2.504774
    192.000000         0.013212         2.536704
    193.000000         0.013309         2.568637
    194.000000         0.013406         2.600764
    195.000000         0.013504         2.633280
    196.000000         0.013601         2.665796
    197.000000         0.013697         2.698309
    198.000000         0.013794         2.731212
    199.000000         0.013890         2.764110
    200.000000         0.013987         2.797400
    201.000000         0.014083         2.830683
    202.000000         0.014179         2.864158
    203.000000         0.014275         2.897825
    204.000000         0.014370         2.931480
    205.000000         0.014466         2.965530
    206.000000         0.014561         2.999566
    207.000000         0.014656         3.033792
    208.000000         0.014751         3.068208
    209.000000         0.014846         3.102814
    210.000000         0.014941         3.137610
    211.000000         0.015035         3.172385
    212.000000         0.015129         3.207348
    213.000000         0.015223         3.242499
    214.000000         0.015317         3.277838
    215.000000         0.015411         3.313365
    216.000000         0.015505         3.349080
    217.000000         0.015598         3.384766
    218.000000         0.015691         3.420638
    219.000000         0.015784         3.456696
    220.000000         0.015877         3.492940
    221.000000         0.015970         3.529370
    222.000000         0.016063         3.565986
    223.000000         0.016155         3.602565
    224.000000         0.016247         3.639328
    225.000000         0.016339         3.676275
    226.000000         0.016431         3.713406
    227.000000         0.016522         3.750494
    228.000000         0.016614         3.787992
    229.000000         0.016705         3.825445
    230.000000         0.016796         3.863080
    231.000000         0.016887         3.900897
    232.000000         0.016978         3.938896
    233.000000         0.017068         3.976844
    234.000000         0.017158         4.014972
    235.000000         0.017248         4.053280
    236.000000         0.017338         4.091768
    237.000000         0.017428         4.130436
    238.000000         0.017518         4.169284
    239.000000         0.017607         4.208073
    240.000000         0.017696         4.247040
    241.000000         0.017785         4.286185
    242.000000         0.017874         4.325508
    243.000000         0.017963         4.365009
    244.000000         0.018051         4.404444
    245.000000         0.018139         4.444055
    246.000000         0.018227         4.483842
    247.000000         0.018315         4.523805
    248.000000         0.018403         4.563944
    249.000000         0.018490         4.604010
    250.000000         0.018577         4.644250
    251.000000         0.018665         4.684915
    252.000000         0.018751         4.725252
    253.000000         0.018838         4.766014
    254.000000         0.018925         4.806950
    255.000000         0.019011         4.847805
    256.000000         0.019097         4.888832
    257.000000         0.019183         4.930031
    258.000000         0.019269         4.971402
    259.000000         0.019355         5.012945
    260.000000         0.019440         5.054400
    261.000000         0.019525         5.096025
    262.000000         0.019610         5.137820
    263.000000         0.019695         5.179785
    264.000000         0.019780         5.221920
    265.000000         0.019864         5.263960
    266.000000         0.019949         5.306434
    267.000000         0.020033         5.348811
    268.000000         0.020117         5.391356
    269.000000         0.020200         5.433800
    270.000000         0.020284         5.476680
    271.000000         0.020367         5.519457
    272.000000         0.020450         5.562400
    273.000000         0.020533         5.605509
    274.000000         0.020616         5.648784
    275.000000         0.020699         5.692225
    276.000000         0.020781         5.735556
    277.000000         0.020864         5.779328
    278.000000         0.020946         5.822988
    279.000000         0.021028         5.866812
    280.000000         0.021109         5.910520
    281.000000         0.021191         5.954671
    282.000000         0.021272         5.998704
    283.000000         0.021353         6.042899
    284.000000         0.021434         6.087256
    285.000000         0.021515         6.131775
    286.000000         0.021596         6.176456
    287.000000         0.021676         6.221012
    288.000000         0.021756         6.265728
    289.000000         0.021837         6.310893
    290.000000         0.021917         6.355930
    291.000000         0.021996         6.400836
    292.000000         0.022076         6.446192
    293.000000         0.022155         6.491415
    294.000000         0.022234         6.536796
    295.000000         0.022313         6.582335
    296.000000         0.022392         6.628032
    297.000000         0.022471         6.673887
    298.000000         0.022549         6.719602
    299.000000         0.022628         6.765772
    300.000000         0.022706         6.811800
    301.000000         0.022784         6.857984
    302.000000         0.022862         6.904324
    303.000000         0.022939         6.950517
    304.000000         0.023017         6.997168
    305.000000         0.023094         7.043670
    306.000000         0.023171         7.090326
    307.000000         0.023248         7.137136
    308.000000         0.023325         7.184100
    309.000000         0.023402         7.231218
    310.000000         0.023478         7.278180
    311.000000         0.023554         7.325294
    312.000000         0.023631         7.372872
    313.000000         0.023706         7.419978
    314.000000         0.023782         7.467548
    315.000000         0.023858         7.515270
    316.000000         0.023933         7.562828
    317.000000         0.024009         7.610853
    318.000000         0.024084         7.658712
    319.000000         0.024159         7.706721
    320.000000         0.024233         7.754560
    321.000000         0.024308         7.802868
    322.000000         0.024382         7.851004
    323.000000         0.024457         7.899611
    324.000000         0.024531         7.948044
    325.000000         0.024605         7.996625
    326.000000         0.024679         8.045354
    327.000000         0.024752         8.093904
    328.000000         0.024826         8.142928
    329.000000         0.024899         8.191771
    330.000000         0.024972         8.240760
    331.000000         0.025045         8.289895
    332.000000         0.025118         8.339176
    333.000000         0.025191         8.388603
    334.000000         0.025263         8.437842
    335.000000         0.025336         8.487560
    336.000000         0.025408         8.537088
    337.000000         0.025480         8.586760
    338.000000         0.025552         8.636576
    339.000000         0.025624         8.686536
    340.000000         0.025695         8.736300
    341.000000         0.025767         8.786547
    342.000000         0.025838         8.836596
    343.000000         0.025909         8.886787
    344.000000         0.025980         8.937120
    345.000000         0.026051         8.987595
    346.000000         0.026122         9.038212
    347.000000         0.026192         9.088624
    348.000000         0.026262         9.139176
    349.000000         0.026333         9.190217
    350.000000         0.026403         9.241050
    351.000000         0.026473         9.292023
    352.000000         0.026542         9.342784
    353.000000         0.026612         9.394036
    354.000000         0.026681         9.445074
    355.000000         0.026751         9.496605
    356.000000         0.026820         9.547920
    357.000000         0.026889         9.599373
    358.000000         0.026958         9.650964
    359.000000         0.027027         9.702693
    360.000000         0.027095         9.754200
    361.000000         0.027164         9.806204
    362.000000         0.027232         9.857984
    363.000000         0.027300         9.909900
    364.000000         0.027368         9.961952
    365.000000         0.027436        10.014140
    366.000000         0.027504        10.066464
    367.000000         0.027571        10.118557
    368.000000         0.027639        10.171152
    369.000000         0.027706        10.223514
    370.000000         0.027773        10.276010
    371.000000         0.027840        10.328640
    372.000000         0.027907        10.381404
    373.000000         0.027974        10.434302
    374.000000         0.028040        10.486960
    375.000000         0.028107        10.540125
    376.000000         0.028173        10.593048
    377.000000         0.028239        10.646103
    378.000000         0.028306        10.699668
    379.000000         0.028371        10.752609
    380.000000         0.028437        10.806060
    381.000000         0.028503        10.859643
    382.000000         0.028568        10.912976
    383.000000         0.028634        10.966822
    384.000000         0.028699        11.020416
    385.000000         0.028764        11.074140
    386.000000         0.028829        11.127994
    387.000000         0.028894        11.181978
    388.000000         0.028959        11.236092
    389.000000         0.029023        11.289947
    390.000000         0.029088        11.344320
    391.000000         0.029152        11.398432
    392.000000         0.029216        11.452672
    393.000000         0.029280        11.507040
    394.000000         0.029344        11.561536
    395.000000         0.029408        11.616160
    396.000000         0.029472        11.670912
    397.000000         0.029535        11.725395
    398.000000         0.029599        11.780402
    399.000000         0.029662        11.835138
    400.000000         0.029725        11.890000
    401.000000         0.029788        11.944988
    402.000000         0.029851        12.000102
    403.000000         0.029914        12.055342
    404.000000         0.029976        12.110304
    405.000000         0.030039        12.165795
    406.000000         0.030101        12.221006
    407.000000         0.030164        12.276748
    408.000000         0.030226        12.332208
    409.000000         0.030288        12.387792
    410.000000         0.030350        12.443500
    411.000000         0.030411        12.498921
    412.000000         0.030473        12.554876
    413.000000         0.030535        12.610955
    414.000000         0.030596        12.666744
    415.000000         0.030657        12.722655
    416.000000         0.030719        12.779104
    417.000000         0.030780        12.835260
    418.000000         0.030841        12.891538
    419.000000         0.030901        12.947519
    420.000000         0.030962        13.004040
    421.000000         0.031023        13.060683
    422.000000         0.031083        13.117026
    423.000000         0.031144        13.173912
    424.000000         0.031204        13.230496
    425.000000         0.031264        13.287200
    426.000000         0.031324        13.344024
    427.000000         0.031384        13.400968
    428.000000         0.031443        13.457604
    429.000000         0.031503        13.514787
    430.000000         0.031563        13.572090
    431.000000         0.031622        13.629082
    432.000000         0.031681        13.686192
    433.000000         0.031741        13.743853
    434.000000         0.031800        13.801200
    435.000000         0.031859        13.858665
    436.000000         0.031917        13.915812
    437.000000         0.031976        13.973512
    438.000000         0.032035        14.031330
    439.000000         0.032093        14.088827
    440.000000         0.032152        14.146880
    441.000000         0.032210        14.204610
    442.000000         0.032268        14.262456
    443.000000         0.032326        14.320418
    444.000000         0.032384        14.378496
    445.000000         0.032442        14.436690
    446.000000         0.032500        14.495000
    447.000000         0.032557        14.552979
    448.000000         0.032615        14.611520
    449.000000         0.032672        14.669728
    450.000000         0.032730        14.728500
    451.000000         0.032787        14.786937
    452.000000         0.032844        14.845488
    453.000000         0.032901        14.904153
    454.000000         0.032958        14.962932
    455.000000         0.033015        15.021825
    456.000000         0.033071        15.080376
    457.000000         0.033128        15.139496
    458.000000         0.033184        15.198272
    459.000000         0.033241        15.257619
    460.000000         0.033297        15.316620
    461.000000         0.033353        15.375733
    462.000000         0.033409        15.434958
    463.000000         0.033465        15.494295
    464.000000         0.033521        15.553744
    465.000000         0.033577        15.613305
    466.000000         0.033632        15.672512
    467.000000         0.033688        15.732296
    468.000000         0.033743        15.791724
    469.000000         0.033799        15.851731
    470.000000         0.033854        15.911380
    471.000000         0.033909        15.971139
    472.000000         0.033964        16.031008
    473.000000         0.034019        16.090987
    474.000000         0.034074        16.151076
    475.000000         0.034129        16.211275
    476.000000         0.034183        16.271108
    477.000000         0.034238        16.331526
    478.000000         0.034292        16.391576
    479.000000         0.034346        16.451734
    480.000000         0.034401        16.512480
    481.000000         0.034455        16.572855
    482.000000         0.034509        16.633338
    483.000000         0.034563        16.693929
    484.000000         0.034617        16.754628
    485.000000         0.034670        16.814950
    486.000000         0.034724        16.875864
    487.000000         0.034778        16.936886
    488.000000         0.034831        16.997528
    489.000000         0.034885        17.058765
    490.000000         0.034938        17.119620
    491.000000         0.034991        17.180581
    492.000000         0.035044        17.241648
    493.000000         0.035097        17.302821
    494.000000         0.035150        17.364100
    495.000000         0.035203        17.425485
    496.000000         0.035256        17.486976
    497.000000         0.035308        17.548076
    498.000000         0.035361        17.609778
    499.000000         0.035413        17.671087
    500.000000         0.035466        17.733000
    501.000000         0.035518        17.794518
    502.000000         0.035570        17.856140
    503.000000         0.035622        17.917866
    504.000000         0.035674        17.979696
    505.000000         0.035726        18.041630
    506.000000         0.035778        18.103668
    507.000000         0.035829        18.165303
    508.000000         0.035881        18.227548
    509.000000         0.035933        18.289897
    510.000000         0.035984        18.351840
    511.000000         0.036035        18.413885
    512.000000         0.036087        18.476544
    513.000000         0.036138        18.538794
    514.000000         0.036189        18.601146
    515.000000         0.036240        18.663600
    516.000000         0.036291        18.726156
    517.000000         0.036342        18.788814
    518.000000         0.036393        18.851574
    519.000000         0.036443        18.913917
    520.000000         0.036494        18.976880
    521.000000         0.036544        19.039424
    522.000000         0.036595        19.102590
    523.000000         0.036645        19.165335
    524.000000         0.036695        19.228180
    525.000000         0.036745        19.291125
    526.000000         0.036796        19.354696
    527.000000         0.036846        19.417842
    528.000000         0.036895        19.480560
    529.000000         0.036945        19.543905
    530.000000         0.036995        19.607350
    531.000000         0.037045        19.670895
    532.000000         0.037094        19.734008
    533.000000         0.037144        19.797752
    534.000000         0.037193        19.861062
    535.000000         0.037242        19.924470
    536.000000         0.037292        19.988512
    537.000000         0.037341        20.052117
    538.000000         0.037390        20.115820
    539.000000         0.037439        20.179621
    540.000000         0.037488        20.243520
    541.000000         0.037537        20.307517
    542.000000         0.037585        20.371070
    543.000000         0.037634        20.435262
    544.000000         0.037683        20.499552
    545.000000         0.037731        20.563395
    546.000000         0.037780        20.627880
    547.000000         0.037828        20.691916
    548.000000         0.037876        20.756048
    549.000000         0.037925        20.820825
    550.000000         0.037973        20.885150
    551.000000         0.038021        20.949571
    552.000000         0.038069        21.014088
    553.000000         0.038117        21.078701
    554.000000         0.038164        21.142856
    555.000000         0.038212        21.207660
    556.000000         0.038260        21.272560
    557.000000         0.038307        21.336999
    558.000000         0.038355        21.402090
    559.000000         0.038402        21.466718
    560.000000         0.038450        21.532000
    561.000000         0.038497        21.596817
    562.000000         0.038544        21.661728
    563.000000         0.038591        21.726733
    564.000000         0.038638        21.791832
    565.000000         0.038685        21.857025
    566.000000         0.038732        21.922312
    567.000000         0.038779        21.987693
    568.000000         0.038826        22.053168
    569.000000         0.038873        22.118737
    570.000000         0.038919        22.183830
    571.000000         0.038966        22.249586
    572.000000         0.039012        22.314864
    573.000000         0.039058        22.380234
    574.000000         0.039105        22.446270
    575.000000         0.039151        22.511825
    576.000000         0.039197        22.577472
    577.000000         0.039243        22.643211
    578.000000         0.039289        22.709042
    579.000000         0.039335        22.774965
    580.000000         0.039381        22.840980
    581.000000         0.039427        22.907087
    582.000000         0.039473        22.973286
    583.000000         0.039518        23.038994
    584.000000         0.039564        23.105376
    585.000000         0.039610        23.171850
    586.000000         0.039655        23.237830
    587.000000         0.039700        23.303900
    588.000000         0.039746        23.370648
    589.000000         0.039791        23.436899
    590.000000         0.039836        23.503240
    591.000000         0.039881        23.569671
    592.000000         0.039926        23.636192
    593.000000         0.039971        23.702803
    594.000000         0.040016        23.769504
    595.000000         0.040061        23.836295
    596.000000         0.040106        23.903176
    597.000000         0.040150        23.969550
    598.000000         0.040195        24.036610
    599.000000         0.040240        24.103760
    600.000000         0.040284        24.170400
    601.000000         0.040329        24.237729
    602.000000         0.040373        24.304546
    603.000000         0.040417        24.371451
    604.000000         0.040461        24.438444
    605.000000         0.040506        24.506130
    606.000000         0.040550        24.573300
    607.000000         0.040594        24.640558
    608.000000         0.040638        24.707904
    609.000000         0.040681        24.774729
    610.000000         0.040725        24.842250
    611.000000         0.040769        24.909859
    612.000000         0.040813        24.977556
    613.000000         0.040856        25.044728
    614.000000         0.040900        25.112600
    615.000000         0.040943        25.179945
    616.000000         0.040987        25.247992
    617.000000         0.041030        25.315510
    618.000000         0.041074        25.383732
    619.000000         0.041117        25.451423
    620.000000         0.041160        25.519200
    621.000000         0.041203        25.587063
    622.000000         0.041246        25.655012
    623.000000         0.041289        25.723047
    624.000000         0.041332        25.791168
    625.000000         0.041375        25.859375
    626.000000         0.041418        25.927668
    627.000000         0.041460        25.995420
    628.000000         0.041503        26.063884
    629.000000         0.041546        26.132434
    630.000000         0.041588        26.200440
    631.000000         0.041631        26.269161
    632.000000         0.041673        26.337336
    633.000000         0.041716        26.406228
    634.000000         0.041758        26.474572
    635.000000         0.041800        26.543000
    636.000000         0.041842        26.611512
    637.000000         0.041884        26.680108
    638.000000         0.041926        26.748788
    639.000000         0.041968        26.817552
    640.000000         0.042010        26.886400
    641.000000         0.042052        26.955332
    642.000000         0.042094        27.024348
    643.000000         0.042136        27.093448
    644.000000         0.042178        27.162632
    645.000000         0.042219        27.231255
    646.000000         0.042261        27.300606
    647.000000         0.042302        27.369394
    648.000000         0.042344        27.438912
    649.000000         0.042385        27.507865
    650.000000         0.042427        27.577550
    651.000000         0.042468        27.646668
    652.000000         0.042509        27.715868
    653.000000         0.042550        27.785150
    654.000000         0.042591        27.854514
    655.000000         0.042632        27.923960
    656.000000         0.042673        27.993488
    657.000000         0.042714        28.063098
    658.000000         0.042755        28.132790
    659.000000         0.042796        28.202564
    660.000000         0.042837        28.272420
    661.000000         0.042877        28.341697
    662.000000         0.042918        28.411716
    663.000000         0.042959        28.481817
    664.000000         0.042999        28.551336
    665.000000         0.043040        28.621600
    666.000000         0.043080        28.691280
    667.000000         0.043120        28.761040
    668.000000         0.043161        28.831548
    669.000000         0.043201        28.901469
    670.000000         0.043241        28.971470
    671.000000         0.043281        29.041551
    672.000000         0.043321        29.111712
    673.000000         0.043362        29.182626
    674.000000         0.043401        29.252274
    675.000000         0.043441        29.322675
    676.000000         0.043481        29.393156
    677.000000         0.043521        29.463717
    678.000000         0.043561        29.534358
    679.000000         0.043601        29.605079
    680.000000         0.043640        29.675200
    681.000000         0.043680        29.746080
    682.000000         0.043719        29.816358
    683.000000         0.043759        29.887397
    684.000000         0.043798        29.957832
    685.000000         0.043838        30.029030
    686.000000         0.043877        30.099622
    687.000000         0.043916        30.170292
    688.000000         0.043955        30.241040
    689.000000         0.043995        30.312555
    690.000000         0.044034        30.383460
    691.000000         0.044073        30.454443
    692.000000         0.044112        30.525504
    693.000000         0.044151        30.596643
    694.000000         0.044190        30.667860
    695.000000         0.044229        30.739155
    696.000000         0.044267        30.809832
    697.000000         0.044306        30.881282
    698.000000         0.044345        30.952810
    699.000000         0.044383        31.023717
    700.000000         0.044422        31.095400
    701.000000         0.044461        31.167161
    702.000000         0.044499        31.238298
    703.000000         0.044537        31.309511
    704.000000         0.044576        31.381504
    705.000000         0.044614        31.452870
    706.000000         0.044652        31.524312
    707.000000         0.044691        31.596537
    708.000000         0.044729        31.668132
    709.000000         0.044767        31.739803
    710.000000         0.044805        31.811550
    711.000000         0.044843        31.883373
    712.000000         0.044881        31.955272
    713.000000         0.044919        32.027247
    714.000000         0.044957        32.099298
    715.000000         0.044995        32.171425
    716.000000         0.045033        32.243628
    717.000000         0.045070        32.315190
    718.000000         0.045108        32.387544
    719.000000         0.045146        32.459974
    720.000000         0.045183        32.531760
    721.000000         0.045221        32.604341
    722.000000         0.045258        32.676276
    723.000000         0.045296        32.749008
    724.000000         0.045333        32.821092
    725.000000         0.045370        32.893250
    726.000000         0.045408        32.966208
    727.000000         0.045445        33.038515
    728.000000         0.045482        33.110896
    729.000000         0.045519        33.183351
    730.000000         0.045556        33.255880
    731.000000         0.045593        33.328483
    732.000000         0.045630        33.401160
    733.000000         0.045667        33.473911
    734.000000         0.045704        33.546736
    735.000000         0.045741        33.619635
    736.000000         0.045778        33.692608
    737.000000         0.045815        33.765655
    738.000000         0.045852        33.838776
    739.000000         0.045888        33.911232
    740.000000         0.045925        33.984500
    741.000000         0.045961        34.057101
    742.000000         0.045998        34.130516
    743.000000         0.046034        34.203262
    744.000000         0.046071        34.276824
    745.000000         0.046107        34.349715
    746.000000         0.046144        34.423424
    747.000000         0.046180        34.496460
    748.000000         0.046216        34.569568
    749.000000         0.046252        34.642748
    750.000000         0.046289        34.716750
    751.000000         0.046325        34.790075
    752.000000         0.046361        34.863472
    753.000000         0.046397        34.936941
    754.000000         0.046433        35.010482
    755.000000         0.046469        35.084095
    756.000000         0.046505        35.157780
    757.000000         0.046541        35.231537
    758.000000         0.046576        35.304608
    759.000000         0.046612        35.378508
    760.000000         0.046648        35.452480
    761.000000         0.046684        35.526524
    762.000000         0.046719        35.599878
    763.000000         0.046755        35.674065
    764.000000         0.046790        35.747560
    765.000000         0.046826        35.821890
    766.000000         0.046861        35.895526
    767.000000         0.046897        35.969999
    768.000000         0.046932        36.043776
    769.000000         0.046967        36.117623
    770.000000         0.047003        36.192310
    771.000000         0.047038        36.266298
    772.000000         0.047073        36.340356
    773.000000         0.047108        36.414484
    774.000000         0.047143        36.488682
    775.000000         0.047178        36.562950
    776.000000         0.047214        36.638064
    777.000000         0.047249        36.712473
    778.000000         0.047283        36.786174
    779.000000         0.047318        36.860722
    780.000000         0.047353        36.935340
    781.000000         0.047388        37.010028
    782.000000         0.047423        37.084786
    783.000000         0.047458        37.159614
    784.000000         0.047492        37.233728
    785.000000         0.047527        37.308695
    786.000000         0.047561        37.382946
    787.000000         0.047596        37.458052
    788.000000         0.047631        37.533228
    789.000000         0.047665        37.607685
    790.000000         0.047699        37.682210
    791.000000         0.047734        37.757594
    792.000000         0.047768        37.832256
    793.000000         0.047803        37.907779
    794.000000         0.047837        37.982578
    795.000000         0.047871        38.057445
    796.000000         0.047905        38.132380
    797.000000         0.047939        38.207383
    798.000000         0.047974        38.283252
    799.000000         0.048008        38.358392
    800.000000         0.048042        38.433600
    801.000000         0.048076        38.508876
    802.000000         0.048110        38.584220
    803.000000         0.048143        38.658829
    804.000000         0.048177        38.734308
    805.000000         0.048211        38.809855
    806.000000         0.048245        38.885470
    807.000000         0.048279        38.961153
    808.000000         0.048312        39.036096
    809.000000         0.048346        39.111914
    810.000000         0.048380        39.187800
    811.000000         0.048413        39.262943
    812.000000         0.048447        39.338964
    813.000000         0.048480        39.414240
    814.000000         0.048514        39.490396
    815.000000         0.048547        39.565805
    816.000000         0.048581        39.642096
    817.000000         0.048614        39.717638
    818.000000         0.048647        39.793246
    819.000000         0.048681        39.869739
    820.000000         0.048714        39.945480
    821.000000         0.048747        40.021287
    822.000000         0.048780        40.097160
    823.000000         0.048813        40.173099
    824.000000         0.048846        40.249104
    825.000000         0.048880        40.326000
    826.000000         0.048913        40.402138
    827.000000         0.048946        40.478342
    828.000000         0.048978        40.553784
    829.000000         0.049011        40.630119
    830.000000         0.049044        40.706520
    831.000000         0.049077        40.782987
    832.000000         0.049110        40.859520
    833.000000         0.049143        40.936119
    834.000000         0.049175        41.011950
    835.000000         0.049208        41.088680
    836.000000         0.049241        41.165476
    837.000000         0.049273        41.241501
    838.000000         0.049306        41.318428
    839.000000         0.049338        41.394582
    840.000000         0.049371        41.471640
    841.000000         0.049403        41.547923
    842.000000         0.049436        41.625112
    843.000000         0.049468        41.701524
    844.000000         0.049500        41.778000
    845.000000         0.049533        41.855385
    846.000000         0.049565        41.931990
    847.000000         0.049597        42.008659
    848.000000         0.049629        42.085392
    849.000000         0.049661        42.162189
    850.000000         0.049694        42.239900
    851.000000         0.049726        42.316826
    852.000000         0.049758        42.393816
    853.000000         0.049790        42.470870
    854.000000         0.049822        42.547988
    855.000000         0.049854        42.625170
    856.000000         0.049886        42.702416
    857.000000         0.049917        42.778869
    858.000000         0.049949        42.856242
    859.000000         0.049981        42.933679
    860.000000         0.050013        43.011180
    861.000000         0.050045        43.088745
    862.000000         0.050076        43.165512
    863.000000         0.050108        43.243204
    864.000000         0.050140        43.320960
    865.000000         0.050171        43.397915
    866.000000         0.050203        43.475798
    867.000000         0.050234        43.552878
    868.000000         0.050266        43.630888
    869.000000         0.050297        43.708093
    870.000000         0.050329        43.786230
    871.000000         0.050360        43.863560
    872.000000         0.050391        43.940952
    873.000000         0.050423        44.019279
    874.000000         0.050454        44.096796
    875.000000         0.050485        44.174375
    876.000000         0.050516        44.252016
    877.000000         0.050548        44.330596
    878.000000         0.050579        44.408362
    879.000000         0.050610        44.486190
    880.000000         0.050641        44.564080
    881.000000         0.050672        44.642032
    882.000000         0.050703        44.720046
    883.000000         0.050734        44.798122
    884.000000         0.050765        44.876260
    885.000000         0.050796        44.954460
    886.000000         0.050827        45.032722
    887.000000         0.050857        45.110159
    888.000000         0.050888        45.188544
    889.000000         0.050919        45.266991
    890.000000         0.050950        45.345500
    891.000000         0.050980        45.423180
    892.000000         0.051011        45.501812
    893.000000         0.051042        45.580506
    894.000000         0.051072        45.658368
    895.000000         0.051103        45.737185
    896.000000         0.051133        45.815168
    897.000000         0.051164        45.894108
    898.000000         0.051194        45.972212
    899.000000         0.051225        46.051275
    900.000000         0.051255        46.129500
    901.000000         0.051286        46.208686
    902.000000         0.051316        46.287032
    903.000000         0.051346        46.365438
    904.000000         0.051377        46.444808
    905.000000         0.051407        46.523335
    906.000000         0.051437        46.601922
    907.000000         0.051467        46.680569
    908.000000         0.051497        46.759276
    909.000000         0.051528        46.838952
    910.000000         0.051558        46.917780
    911.000000         0.051588        46.996668
    912.000000         0.051618        47.075616
    913.000000         0.051648        47.154624
    914.000000         0.051678        47.233692
    915.000000         0.051708        47.312820
    916.000000         0.051738        47.392008
    917.000000         0.051767        47.470339
    918.000000         0.051797        47.549646
    919.000000         0.051827        47.629013
    920.000000         0.051857        47.708440
    921.000000         0.051887        47.787927
    922.000000         0.051916        47.866552
    923.000000         0.051946        47.946158
    924.000000         0.051976        48.025824
    925.000000         0.052005        48.104625
    926.000000         0.052035        48.184410
    927.000000         0.052064        48.263328
    928.000000         0.052094        48.343232
    929.000000         0.052123        48.422267
    930.000000         0.052153        48.502290
    931.000000         0.052182        48.581442
    932.000000         0.052212        48.661584
    933.000000         0.052241        48.740853
    934.000000         0.052270        48.820180
    935.000000         0.052300        48.900500
    936.000000         0.052329        48.979944
    937.000000         0.052358        49.059446
    938.000000         0.052388        49.139944
    939.000000         0.052417        49.219563
    940.000000         0.052446        49.299240
    941.000000         0.052475        49.378975
    942.000000         0.052504        49.458768
    943.000000         0.052533        49.538619
    944.000000         0.052562        49.618528
    945.000000         0.052591        49.698495
    946.000000         0.052620        49.778520
    947.000000         0.052649        49.858603
    948.000000         0.052678        49.938744
    949.000000         0.052707        50.018943
    950.000000         0.052736        50.099200
    951.000000         0.052765        50.179515
    952.000000         0.052794        50.259888
    953.000000         0.052822        50.339366
    954.000000         0.052851        50.419854
    955.000000         0.052880        50.500400
    956.000000         0.052909        50.581004
    957.000000         0.052937        50.660709
    958.000000         0.052966        50.741428
    959.000000         0.052994        50.821246
    960.000000         0.053023        50.902080
    961.000000         0.053052        50.982972
    962.000000         0.053080        51.062960
    963.000000         0.053109        51.143967
    964.000000         0.053137        51.224068
    965.000000         0.053165        51.304225
    966.000000         0.053194        51.385404
    967.000000         0.053222        51.465674
    968.000000         0.053251        51.546968
    969.000000         0.053279        51.627351
    970.000000         0.053307        51.707790
    971.000000         0.053336        51.789256
    972.000000         0.053364        51.869808
    973.000000         0.053392        51.950416
    974.000000         0.053420        52.031080
    975.000000         0.053448        52.111800
    976.000000         0.053476        52.192576
    977.000000         0.053505        52.274385
    978.000000         0.053533        52.355274
    979.000000         0.053561        52.436219
    980.000000         0.053589        52.517220
    981.000000         0.053617        52.598277
    982.000000         0.053645        52.679390
    983.000000         0.053673        52.760559
    984.000000         0.053700        52.840800
    985.000000         0.053728        52.922080
    986.000000         0.053756        53.003416
    987.000000         0.053784        53.084808
    988.000000         0.053812        53.166256
    989.000000         0.053840        53.247760
    990.000000         0.053867        53.328330
    991.000000         0.053895        53.409945
    992.000000         0.053923        53.491616
    993.000000         0.053950        53.572350
    994.000000         0.053978        53.654132
    995.000000         0.054006        53.735970
    996.000000         0.054033        53.816868
    997.000000         0.054061        53.898817
    998.000000         0.054088        53.979824
    999.000000         0.054116        54.061884
   1000.000000         0.054143        54.143000
   1001.000000         0.054171        54.225171
   1002.000000         0.054198        54.306396
   1003.000000         0.054226        54.388678
   1004.000000         0.054253        54.470012
   1005.000000         0.054280        54.551400
   1006.000000         0.054308        54.633848
   1007.000000         0.054335        54.715345
   1008.000000         0.054362        54.796896
   1009.000000         0.054389        54.878501
   1010.000000         0.054417        54.961170
   1011.000000         0.054444        55.042884
   1012.000000         0.054471        55.124652
   1013.000000         0.054498        55.206474
   1014.000000         0.054525        55.288350
   1015.000000         0.054552        55.370280
   1016.000000         0.054579        55.452264
   1017.000000         0.054606        55.534302
   1018.000000         0.054633        55.616394
   1019.000000         0.054660        55.698540
   1020.000000         0.054687        55.780740
   1021.000000         0.054714        55.862994
   1022.000000         0.054741        55.945302
   1023.000000         0.054768        56.027664
   1024.000000         0.054795        56.110080
   1025.000000         0.054822        56.192550
   1026.000000         0.054848        56.274048
   1027.000000         0.054875        56.356625
   1028.000000         0.054902        56.439256
   1029.000000         0.054929        56.521941
   1030.000000         0.054955        56.603650
   1031.000000         0.054982        56.686442
   1032.000000         0.055009        56.769288
   1033.000000         0.055035        56.851155
   1034.000000         0.055062        56.934108
   1035.000000         0.055088        57.016080
   1036.000000         0.055115        57.099140
   1037.000000         0.055142        57.182254
   1038.000000         0.055168        57.264384
   1039.000000         0.055195        57.347605
   1040.000000         0.055221        57.429840
   1041.000000         0.055247        57.512127
   1042.000000         0.055274        57.595508
   1043.000000         0.055300        57.677900
   1044.000000         0.055327        57.761388
   1045.000000         0.055353        57.843885
   1046.000000         0.055379        57.926434
   1047.000000         0.055405        58.009035
   1048.000000         0.055432        58.092736
   1049.000000         0.055458        58.175442
   1050.000000         0.055484        58.258200
   1051.000000         0.055510        58.341010
   1052.000000         0.055536        58.423872
   1053.000000         0.055563        58.507839
   1054.000000         0.055589        58.590806
   1055.000000         0.055615        58.673825
   1056.000000         0.055641        58.756896
   1057.000000         0.055667        58.840019
   1058.000000         0.055693        58.923194
   1059.000000         0.055719        59.006421
   1060.000000         0.055745        59.089700
   1061.000000         0.055771        59.173031
   1062.000000         0.055797        59.256414
   1063.000000         0.055823        59.339849
   1064.000000         0.055849        59.423336
   1065.000000         0.055874        59.505810
   1066.000000         0.055900        59.589400
   1067.000000         0.055926        59.673042
   1068.000000         0.055952        59.756736
   1069.000000         0.055978        59.840482
   1070.000000         0.056003        59.923210
   1071.000000         0.056029        60.007059
   1072.000000         0.056055        60.090960
   1073.000000         0.056080        60.173840
   1074.000000         0.056106        60.257844
   1075.000000         0.056132        60.341900
   1076.000000         0.056157        60.424932
   1077.000000         0.056183        60.509091
   1078.000000         0.056208        60.592224
   1079.000000         0.056234        60.676486
   1080.000000         0.056259        60.759720
   1081.000000         0.056285        60.844085
   1082.000000         0.056310        60.927420
   1083.000000         0.056336        61.011888
   1084.000000         0.056361        61.095324
   1085.000000         0.056386        61.178810
   1086.000000         0.056412        61.263432
   1087.000000         0.056437        61.347019
   1088.000000         0.056462        61.430656
   1089.000000         0.056488        61.515432
   1090.000000         0.056513        61.599170
   1091.000000         0.056538        61.682958
   1092.000000         0.056563        61.766796
   1093.000000         0.056589        61.851777
   1094.000000         0.056614        61.935716
   1095.000000         0.056639        62.019705
   1096.000000         0.056664        62.103744
   1097.000000         0.056689        62.187833
   1098.000000         0.056714        62.271972
   1099.000000         0.056739        62.356161
   1100.000000         0.056764        62.440400
   1101.000000         0.056790        62.525790
   1102.000000         0.056815        62.610130
   1103.000000         0.056839        62.693417
   1104.000000         0.056864        62.777856
   1105.000000         0.056889        62.862345
   1106.000000         0.056914        62.946884
   1107.000000         0.056939        63.031473
   1108.000000         0.056964        63.116112
   1109.000000         0.056989        63.200801
   1110.000000         0.057014        63.285540
   1111.000000         0.057039        63.370329
   1112.000000         0.057063        63.454056
   1113.000000         0.057088        63.538944
   1114.000000         0.057113        63.623882
   1115.000000         0.057138        63.708870
   1116.000000         0.057162        63.792792
   1117.000000         0.057187        63.877879
   1118.000000         0.057212        63.963016
   1119.000000         0.057236        64.047084
   1120.000000         0.057261        64.132320
   1121.000000         0.057285        64.216485
   1122.000000         0.057310        64.301820
   1123.000000         0.057335        64.387205
   1124.000000         0.057359        64.471516
   1125.000000         0.057384        64.557000
   1126.000000         0.057408        64.641408
   1127.000000         0.057433        64.726991
   1128.000000         0.057457        64.811496
   1129.000000         0.057481        64.896049
   1130.000000         0.057506        64.981780
   1131.000000         0.057530        65.066430
   1132.000000         0.057555        65.152260
   1133.000000         0.057579        65.237007
   1134.000000         0.057603        65.321802
   1135.000000         0.057627        65.406645
   1136.000000         0.057652        65.492672
   1137.000000         0.057676        65.577612
   1138.000000         0.057700        65.662600
   1139.000000         0.057724        65.747636
   1140.000000         0.057749        65.833860
   1141.000000         0.057773        65.918993
   1142.000000         0.057797        66.004174
   1143.000000         0.057821        66.089403
   1144.000000         0.057845        66.174680
   1145.000000         0.057869        66.260005
   1146.000000         0.057893        66.345378
   1147.000000         0.057917        66.430799
   1148.000000         0.057941        66.516268
   1149.000000         0.057965        66.601785
   1150.000000         0.057989        66.687350
   1151.000000         0.058013        66.772963
   1152.000000         0.058037        66.858624
   1153.000000         0.058061        66.944333
   1154.000000         0.058085        67.030090
   1155.000000         0.058109        67.115895
   1156.000000         0.058133        67.201748
   1157.000000         0.058157        67.287649
   1158.000000         0.058181        67.373598
   1159.000000         0.058204        67.458436
   1160.000000         0.058228        67.544480
   1161.000000         0.058252        67.630572
   1162.000000         0.058276        67.716712
   1163.000000         0.058299        67.801737
   1164.000000         0.058323        67.887972
   1165.000000         0.058347        67.974255
   1166.000000         0.058370        68.059420
   1167.000000         0.058394        68.145798
   1168.000000         0.058418        68.232224
   1169.000000         0.058441        68.317529
   1170.000000         0.058465        68.404050
   1171.000000         0.058488        68.489448
   1172.000000         0.058512        68.576064
   1173.000000         0.058536        68.662728
   1174.000000         0.058559        68.748266
   1175.000000         0.058583        68.835025
   1176.000000         0.058606        68.920656
   1177.000000         0.058629        69.006333
   1178.000000         0.058653        69.093234
   1179.000000         0.058676        69.179004
   1180.000000         0.058700        69.266000
   1181.000000         0.058723        69.351863
   1182.000000         0.058746        69.437772
   1183.000000         0.058770        69.524910
   1184.000000         0.058793        69.610912
   1185.000000         0.058816        69.696960
   1186.000000         0.058840        69.784240
   1187.000000         0.058863        69.870381
   1188.000000         0.058886        69.956568
   1189.000000         0.058909        70.042801
   1190.000000         0.058933        70.130270
   1191.000000         0.058956        70.216596
   1192.000000         0.058979        70.302968
   1193.000000         0.059002        70.389386
   1194.000000         0.059025        70.475850
   1195.000000         0.059048        70.562360
   1196.000000         0.059071        70.648916
   1197.000000         0.059094        70.735518
   1198.000000         0.059117        70.822166
   1199.000000         0.059140        70.908860
   1200.000000         0.059163        70.995600
   1201.000000         0.059186        71.082386
   1202.000000         0.059209        71.169218
   1203.000000         0.059232        71.256096
   1204.000000         0.059255        71.343020
   1205.000000         0.059278        71.429990
   1206.000000         0.059301        71.517006
   1207.000000         0.059324        71.604068
   1208.000000         0.059347        71.691176
   1209.000000         0.059370        71.778330
   1210.000000         0.059393        71.865530
   1211.000000         0.059415        71.951565
   1212.000000         0.059438        72.038856
   1213.000000         0.059461        72.126193
   1214.000000         0.059484        72.213576
   1215.000000         0.059506        72.299790
   1216.000000         0.059529        72.387264
   1217.000000         0.059552        72.474784
   1218.000000         0.059574        72.561132
   1219.000000         0.059597        72.648743
   1220.000000         0.059620        72.736400
   1221.000000         0.059642        72.822882
   1222.000000         0.059665        72.910630
   1223.000000         0.059688        72.998424
   1224.000000         0.059710        73.085040
   1225.000000         0.059733        73.172925
   1226.000000         0.059755        73.259630
   1227.000000         0.059778        73.347606
   1228.000000         0.059800        73.434400
   1229.000000         0.059823        73.522467
   1230.000000         0.059845        73.609350
   1231.000000         0.059868        73.697508
   1232.000000         0.059890        73.784480
   1233.000000         0.059912        73.871496
   1234.000000         0.059935        73.959790
   1235.000000         0.059957        74.046895
   1236.000000         0.059980        74.135280
   1237.000000         0.060002        74.222474
   1238.000000         0.060024        74.309712
   1239.000000         0.060047        74.398233
   1240.000000         0.060069        74.485560
   1241.000000         0.060091        74.572931
   1242.000000         0.060113        74.660346
   1243.000000         0.060136        74.749048
   1244.000000         0.060158        74.836552
   1245.000000         0.060180        74.924100
   1246.000000         0.060202        75.011692
   1247.000000         0.060224        75.099328
   1248.000000         0.060246        75.187008
   1249.000000         0.060269        75.275981
   1250.000000         0.060291        75.363750
   1251.000000         0.060313        75.451563
   1252.000000         0.060335        75.539420
   1253.000000         0.060357        75.627321
   1254.000000         0.060379        75.715266
   1255.000000         0.060401        75.803255
   1256.000000         0.060423        75.891288
   1257.000000         0.060445        75.979365
   1258.000000         0.060467        76.067486
   1259.000000         0.060489        76.155651
   1260.000000         0.060511        76.243860
   1261.000000         0.060533        76.332113
   1262.000000         0.060555        76.420410
   1263.000000         0.060577        76.508751
   1264.000000         0.060598        76.595872
   1265.000000         0.060620        76.684300
   1266.000000         0.060642        76.772772
   1267.000000         0.060664        76.861288
   1268.000000         0.060686        76.949848
   1269.000000         0.060707        77.037183
   1270.000000         0.060729        77.125830
   1271.000000         0.060751        77.214521
   1272.000000         0.060773        77.303256
   1273.000000         0.060794        77.390762
   1274.000000         0.060816        77.479584
   1275.000000         0.060838        77.568450
   1276.000000         0.060860        77.657360
   1277.000000         0.060881        77.745037
   1278.000000         0.060903        77.834034
   1279.000000         0.060924        77.921796
   1280.000000         0.060946        78.010880
   1281.000000         0.060968        78.100008
   1282.000000         0.060989        78.187898
   1283.000000         0.061011        78.277113
   1284.000000         0.061032        78.365088
   1285.000000         0.061054        78.454390
   1286.000000         0.061075        78.542450
   1287.000000         0.061097        78.631839
   1288.000000         0.061118        78.719984
   1289.000000         0.061140        78.809460
   1290.000000         0.061161        78.897690
   1291.000000         0.061183        78.987253
   1292.000000         0.061204        79.075568
   1293.000000         0.061225        79.163925
   1294.000000         0.061247        79.253618
   1295.000000         0.061268        79.342060
   1296.000000         0.061289        79.430544
   1297.000000         0.061311        79.520367
   1298.000000         0.061332        79.608936
   1299.000000         0.061353        79.697547
   1300.000000         0.061375        79.787500
   1301.000000         0.061396        79.876196
   1302.000000         0.061417        79.964934
   1303.000000         0.061438        80.053714
   1304.000000         0.061460        80.143840
   1305.000000         0.061481        80.232705
   1306.000000         0.061502        80.321612
   1307.000000         0.061523        80.410561
   1308.000000         0.061544        80.499552
   1309.000000         0.061565        80.588585
   1310.000000         0.061586        80.677660
   1311.000000         0.061608        80.768088
   1312.000000         0.061629        80.857248
   1313.000000         0.061650        80.946450
   1314.000000         0.061671        81.035694
   1315.000000         0.061692        81.124980
   1316.000000         0.061713        81.214308
   1317.000000         0.061734        81.303678
   1318.000000         0.061755        81.393090
   1319.000000         0.061776        81.482544
   1320.000000         0.061797        81.572040
   1321.000000         0.061818        81.661578
   1322.000000         0.061839        81.751158
   1323.000000         0.061860        81.840780
   1324.000000         0.061880        81.929120
   1325.000000         0.061901        82.018825
   1326.000000         0.061922        82.108572
   1327.000000         0.061943        82.198361
   1328.000000         0.061964        82.288192
   1329.000000         0.061985        82.378065
   1330.000000         0.062006        82.467980
   1331.000000         0.062026        82.556606
   1332.000000         0.062047        82.646604
   1333.000000         0.062068        82.736644
   1334.000000         0.062089        82.826726
   1335.000000         0.062109        82.915515
   1336.000000         0.062130        83.005680
   1337.000000         0.062151        83.095887
   1338.000000         0.062171        83.184798
   1339.000000         0.062192        83.275088
   1340.000000         0.062213        83.365420
   1341.000000         0.062233        83.454453
   1342.000000         0.062254        83.544868
   1343.000000         0.062275        83.635325
   1344.000000         0.062295        83.724480
   1345.000000         0.062316        83.815020
   1346.000000         0.062336        83.904256
   1347.000000         0.062357        83.994879
   1348.000000         0.062377        84.084196
   1349.000000         0.062398        84.174902
   1350.000000         0.062418        84.264300
   1351.000000         0.062439        84.355089
   1352.000000         0.062459        84.444568
   1353.000000         0.062480        84.535440
   1354.000000         0.062500        84.625000
   1355.000000         0.062521        84.715955
   1356.000000         0.062541        84.805596
   1357.000000         0.062561        84.895277
   1358.000000         0.062582        84.986356
   1359.000000         0.062602        85.076118
   1360.000000         0.062623        85.167280
   1361.000000         0.062643        85.257123
   1362.000000         0.062663        85.347006
   1363.000000         0.062684        85.438292
   1364.000000         0.062704        85.528256
   1365.000000         0.062724        85.618260
   1366.000000         0.062744        85.708304
   1367.000000         0.062765        85.799755
   1368.000000         0.062785        85.889880
   1369.000000         0.062805        85.980045
   1370.000000         0.062825        86.070250
   1371.000000         0.062846        86.161866
   1372.000000         0.062866        86.252152
   1373.000000         0.062886        86.342478
   1374.000000         0.062906        86.432844
   1375.000000         0.062926        86.523250
   1376.000000         0.062946        86.613696
   1377.000000         0.062966        86.704182
   1378.000000         0.062986        86.794708
   1379.000000         0.063007        86.886653
   1380.000000         0.063027        86.977260
   1381.000000         0.063047        87.067907
   1382.000000         0.063067        87.158594
   1383.000000         0.063087        87.249321
   1384.000000         0.063107        87.340088
   1385.000000         0.063127        87.430895
   1386.000000         0.063147        87.521742
   1387.000000         0.063167        87.612629
   1388.000000         0.063187        87.703556
   1389.000000         0.063207        87.794523
   1390.000000         0.063226        87.884140
   1391.000000         0.063246        87.975186
   1392.000000         0.063266        88.066272
   1393.000000         0.063286        88.157398
   1394.000000         0.063306        88.248564
   1395.000000         0.063326        88.339770
   1396.000000         0.063346        88.431016
   1397.000000         0.063366        88.522302
   1398.000000         0.063385        88.612230
   1399.000000         0.063405        88.703595
   1400.000000         0.063425        88.795000
   1401.000000         0.063445        88.886445
   1402.000000         0.063464        88.976528
   1403.000000         0.063484        89.068052
   1404.000000         0.063504        89.159616
   1405.000000         0.063524        89.251220
   1406.000000         0.063543        89.341458
   1407.000000         0.063563        89.433141
   1408.000000         0.063583        89.524864
   1409.000000         0.063602        89.615218
   1410.000000         0.063622        89.707020
   1411.000000         0.063642        89.798862
   1412.000000         0.063661        89.889332
   1413.000000         0.063681        89.981253
   1414.000000         0.063700        90.071800
   1415.000000         0.063720        90.163800
   1416.000000         0.063740        90.255840
   1417.000000         0.063759        90.346503
   1418.000000         0.063779        90.438622
   1419.000000         0.063798        90.529362
   1420.000000         0.063818        90.621560
   1421.000000         0.063837        90.712377
   1422.000000         0.063857        90.804654
   1423.000000         0.063876        90.895548
   1424.000000         0.063896        90.987904
   1425.000000         0.063915        91.078875
   1426.000000         0.063934        91.169884
   1427.000000         0.063954        91.262358
   1428.000000         0.063973        91.353444
   1429.000000         0.063993        91.445997
   1430.000000         0.064012        91.537160
   1431.000000         0.064031        91.628361
   1432.000000         0.064051        91.721032
   1433.000000         0.064070        91.812310
   1434.000000         0.064089        91.903626
   1435.000000         0.064109        91.996415
   1436.000000         0.064128        92.087808
   1437.000000         0.064147        92.179239
   1438.000000         0.064166        92.270708
   1439.000000         0.064186        92.363654
   1440.000000         0.064205        92.455200
   1441.000000         0.064224        92.546784
   1442.000000         0.064243        92.638406
   1443.000000         0.064263        92.731509
   1444.000000         0.064282        92.823208
   1445.000000         0.064301        92.914945
   1446.000000         0.064320        93.006720
   1447.000000         0.064339        93.098533
   1448.000000         0.064358        93.190384
   1449.000000         0.064378        93.283722
   1450.000000         0.064397        93.375650
   1451.000000         0.064416        93.467616
   1452.000000         0.064435        93.559620
   1453.000000         0.064454        93.651662
   1454.000000         0.064473        93.743742
   1455.000000         0.064492        93.835860
   1456.000000         0.064511        93.928016
   1457.000000         0.064530        94.020210
   1458.000000         0.064549        94.112442
   1459.000000         0.064568        94.204712
   1460.000000         0.064587        94.297020
   1461.000000         0.064606        94.389366
   1462.000000         0.064625        94.481750
   1463.000000         0.064644        94.574172
   1464.000000         0.064663        94.666632
   1465.000000         0.064682        94.759130
   1466.000000         0.064701        94.851666
   1467.000000         0.064720        94.944240
   1468.000000         0.064738        95.035384
   1469.000000         0.064757        95.128033
   1470.000000         0.064776        95.220720
   1471.000000         0.064795        95.313445
   1472.000000         0.064814        95.406208
   1473.000000         0.064833        95.499009
   1474.000000         0.064851        95.590374
   1475.000000         0.064870        95.683250
   1476.000000         0.064889        95.776164
   1477.000000         0.064908        95.869116
   1478.000000         0.064927        95.962106
   1479.000000         0.064945        96.053655
   1480.000000         0.064964        96.146720
   1481.000000         0.064983        96.239823
   1482.000000         0.065001        96.331482
   1483.000000         0.065020        96.424660
   1484.000000         0.065039        96.517876
   1485.000000         0.065057        96.609645
   1486.000000         0.065076        96.702936
   1487.000000         0.065095        96.796265
   1488.000000         0.065113        96.888144
   1489.000000         0.065132        96.981548
   1490.000000         0.065151        97.074990
   1491.000000         0.065169        97.166979
   1492.000000         0.065188        97.260496
   1493.000000         0.065206        97.352558
   1494.000000         0.065225        97.446150
   1495.000000         0.065243        97.538285
   1496.000000         0.065262        97.631952
   1497.000000         0.065281        97.725657
   1498.000000         0.065299        97.817902
   1499.000000         0.065318        97.911682
   1500.000000         0.065336        98.004000
   1501.000000         0.065354        98.096354
   1502.000000         0.065373        98.190246
   1503.000000         0.065391        98.282673
   1504.000000         0.065410        98.376640
   1505.000000         0.065428        98.469140
   1506.000000         0.065447        98.563182
   1507.000000         0.065465        98.655755
   1508.000000         0.065483        98.748364
   1509.000000         0.065502        98.842518
   1510.000000         0.065520        98.935200
   1511.000000         0.065539        99.029429
   1512.000000         0.065557        99.122184
   1513.000000         0.065575        99.214975
   1514.000000         0.065594        99.309316
   1515.000000         0.065612        99.402180
   1516.000000         0.065630        99.495080
   1517.000000         0.065648        99.588016
   1518.000000         0.065667        99.682506
   1519.000000         0.065685        99.775515
   1520.000000         0.065703        99.868560
   1521.000000         0.065721        99.961641
   1522.000000         0.065740       100.056280
   1523.000000         0.065758       100.149434
   1524.000000         0.065776       100.242624
   1525.000000         0.065794       100.335850
   1526.000000         0.065812       100.429112
   1527.000000         0.065831       100.523937
   1528.000000         0.065849       100.617272
   1529.000000         0.065867       100.710643
   1530.000000         0.065885       100.804050
   1531.000000         0.065903       100.897493
   1532.000000         0.065921       100.990972
   1533.000000         0.065939       101.084487
   1534.000000         0.065957       101.178038
   1535.000000         0.065975       101.271625
   1536.000000         0.065993       101.365248
   1537.000000         0.066011       101.458907
   1538.000000         0.066029       101.552602
   1539.000000         0.066048       101.647872
   1540.000000         0.066066       101.741640
   1541.000000         0.066084       101.835444
   1542.000000         0.066102       101.929284
   1543.000000         0.066119       102.021617
   1544.000000         0.066137       102.115528
   1545.000000         0.066155       102.209475
   1546.000000         0.066173       102.303458
   1547.000000         0.066191       102.397477
   1548.000000         0.066209       102.491532
   1549.000000         0.066227       102.585623
   1550.000000         0.066245       102.679750
   1551.000000         0.066263       102.773913
   1552.000000         0.066281       102.868112
   1553.000000         0.066299       102.962347
   1554.000000         0.066316       103.055064
   1555.000000         0.066334       103.149370
   1556.000000         0.066352       103.243712
   1557.000000         0.066370       103.338090
   1558.000000         0.066388       103.432504
   1559.000000         0.066406       103.526954
   1560.000000         0.066423       103.619880
   1561.000000         0.066441       103.714401
   1562.000000         0.066459       103.808958
   1563.000000         0.066477       103.903551
   1564.000000         0.066494       103.996616
   1565.000000         0.066512       104.091280
   1566.000000         0.066530       104.185980
   1567.000000         0.066547       104.279149
   1568.000000         0.066565       104.373920
   1569.000000         0.066583       104.468727
   1570.000000         0.066601       104.563570
   1571.000000         0.066618       104.656878
   1572.000000         0.066636       104.751792
   1573.000000         0.066653       104.845169
   1574.000000         0.066671       104.940154
   1575.000000         0.066689       105.035175
   1576.000000         0.066706       105.128656
   1577.000000         0.066724       105.223748
   1578.000000         0.066741       105.317298
   1579.000000         0.066759       105.412461
   1580.000000         0.066777       105.507660
   1581.000000         0.066794       105.601314
   1582.000000         0.066812       105.696584
   1583.000000         0.066829       105.790307
   1584.000000         0.066847       105.885648
   1585.000000         0.066864       105.979440
   1586.000000         0.066882       106.074852
   1587.000000         0.066899       106.168713
   1588.000000         0.066917       106.264196
   1589.000000         0.066934       106.358126
   1590.000000         0.066952       106.453680
   1591.000000         0.066969       106.547679
   1592.000000         0.066986       106.641712
   1593.000000         0.067004       106.737372
   1594.000000         0.067021       106.831474
   1595.000000         0.067039       106.927205
   1596.000000         0.067056       107.021376
   1597.000000         0.067073       107.115581
   1598.000000         0.067091       107.211418
   1599.000000         0.067108       107.305692
   1600.000000         0.067125       107.400000
   1601.000000         0.067143       107.495943
   1602.000000         0.067160       107.590320
   1603.000000         0.067177       107.684731
   1604.000000         0.067195       107.780780
   1605.000000         0.067212       107.875260
   1606.000000         0.067229       107.969774
   1607.000000         0.067247       108.065929
   1608.000000         0.067264       108.160512
   1609.000000         0.067281       108.255129
   1610.000000         0.067298       108.349780
   1611.000000         0.067316       108.446076
   1612.000000         0.067333       108.540796
   1613.000000         0.067350       108.635550
   1614.000000         0.067367       108.730338
   1615.000000         0.067384       108.825160
   1616.000000         0.067402       108.921632
   1617.000000         0.067419       109.016523
   1618.000000         0.067436       109.111448
   1619.000000         0.067453       109.206407
   1620.000000         0.067470       109.301400
   1621.000000         0.067487       109.396427
   1622.000000         0.067504       109.491488
   1623.000000         0.067521       109.586583
   1624.000000         0.067539       109.683336
   1625.000000         0.067556       109.778500
   1626.000000         0.067573       109.873698
   1627.000000         0.067590       109.968930
   1628.000000         0.067607       110.064196
   1629.000000         0.067624       110.159496
   1630.000000         0.067641       110.254830
   1631.000000         0.067658       110.350198
   1632.000000         0.067675       110.445600
   1633.000000         0.067692       110.541036
   1634.000000         0.067709       110.636506
   1635.000000         0.067726       110.732010
   1636.000000         0.067743       110.827548
   1637.000000         0.067760       110.923120
   1638.000000         0.067777       111.018726
   1639.000000         0.067794       111.114366
   1640.000000         0.067811       111.210040
   1641.000000         0.067827       111.304107
   1642.000000         0.067844       111.399848
   1643.000000         0.067861       111.495623
   1644.000000         0.067878       111.591432
   1645.000000         0.067895       111.687275
   1646.000000         0.067912       111.783152
   1647.000000         0.067929       111.879063
   1648.000000         0.067946       111.975008
   1649.000000         0.067962       112.069338
   1650.000000         0.067979       112.165350
   1651.000000         0.067996       112.261396
   1652.000000         0.068013       112.357476
   1653.000000         0.068030       112.453590
   1654.000000         0.068046       112.548084
   1655.000000         0.068063       112.644265
   1656.000000         0.068080       112.740480
   1657.000000         0.068097       112.836729
   1658.000000         0.068113       112.931354
   1659.000000         0.068130       113.027670
   1660.000000         0.068147       113.124020
   1661.000000         0.068164       113.220404
   1662.000000         0.068180       113.315160
   1663.000000         0.068197       113.411611
   1664.000000         0.068214       113.508096
   1665.000000         0.068230       113.602950
   1666.000000         0.068247       113.699502
   1667.000000         0.068264       113.796088
   1668.000000         0.068280       113.891040
   1669.000000         0.068297       113.987693
   1670.000000         0.068314       114.084380
   1671.000000         0.068330       114.179430
   1672.000000         0.068347       114.276184
   1673.000000         0.068363       114.371299
   1674.000000         0.068380       114.468120
   1675.000000         0.068397       114.564975
   1676.000000         0.068413       114.660188
   1677.000000         0.068430       114.757110
   1678.000000         0.068446       114.852388
   1679.000000         0.068463       114.949377
   1680.000000         0.068479       115.044720
   1681.000000         0.068496       115.141776
   1682.000000         0.068512       115.237184
   1683.000000         0.068529       115.334307
   1684.000000         0.068545       115.429780
   1685.000000         0.068562       115.526970
   1686.000000         0.068578       115.622508
   1687.000000         0.068595       115.719765
   1688.000000         0.068611       115.815368
   1689.000000         0.068628       115.912692
   1690.000000         0.068644       116.008360
   1691.000000         0.068660       116.104060
   1692.000000         0.068677       116.201484
   1693.000000         0.068693       116.297249
   1694.000000         0.068710       116.394740
   1695.000000         0.068726       116.490570
   1696.000000         0.068742       116.586432
   1697.000000         0.068759       116.684023
   1698.000000         0.068775       116.779950
   1699.000000         0.068791       116.875909
   1700.000000         0.068808       116.973600
   1701.000000         0.068824       117.069624
   1702.000000         0.068840       117.165680
   1703.000000         0.068857       117.263471
   1704.000000         0.068873       117.359592
   1705.000000         0.068889       117.455745
   1706.000000         0.068906       117.553636
   1707.000000         0.068922       117.649854
   1708.000000         0.068938       117.746104
   1709.000000         0.068954       117.842386
   1710.000000         0.068971       117.940410
   1711.000000         0.068987       118.036757
   1712.000000         0.069003       118.133136
   1713.000000         0.069019       118.229547
   1714.000000         0.069036       118.327704
   1715.000000         0.069052       118.424180
   1716.000000         0.069068       118.520688
   1717.000000         0.069084       118.617228
   1718.000000         0.069100       118.713800
   1719.000000         0.069116       118.810404
   1720.000000         0.069133       118.908760
   1721.000000         0.069149       119.005429
   1722.000000         0.069165       119.102130
   1723.000000         0.069181       119.198863
   1724.000000         0.069197       119.295628
   1725.000000         0.069213       119.392425
   1726.000000         0.069229       119.489254
   1727.000000         0.069245       119.586115
   1728.000000         0.069261       119.683008
   1729.000000         0.069277       119.779933
   1730.000000         0.069293       119.876890
   1731.000000         0.069310       119.975610
   1732.000000         0.069326       120.072632
   1733.000000         0.069342       120.169686
   1734.000000         0.069358       120.266772
   1735.000000         0.069374       120.363890
   1736.000000         0.069390       120.461040
   1737.000000         0.069406       120.558222
   1738.000000         0.069422       120.655436
   1739.000000         0.069438       120.752682
   1740.000000         0.069454       120.849960
   1741.000000         0.069469       120.945529
   1742.000000         0.069485       121.042870
   1743.000000         0.069501       121.140243
   1744.000000         0.069517       121.237648
   1745.000000         0.069533       121.335085
   1746.000000         0.069549       121.432554
   1747.000000         0.069565       121.530055
   1748.000000         0.069581       121.627588
   1749.000000         0.069597       121.725153
   1750.000000         0.069613       121.822750
   1751.000000         0.069629       121.920379
   1752.000000         0.069644       122.016288
   1753.000000         0.069660       122.113980
   1754.000000         0.069676       122.211704
   1755.000000         0.069692       122.309460
   1756.000000         0.069708       122.407248
   1757.000000         0.069724       122.505068
   1758.000000         0.069739       122.601162
   1759.000000         0.069755       122.699045
   1760.000000         0.069771       122.796960
   1761.000000         0.069787       122.894907
   1762.000000         0.069802       122.991124
   1763.000000         0.069818       123.089134
   1764.000000         0.069834       123.187176
   1765.000000         0.069850       123.285250
   1766.000000         0.069865       123.381590
   1767.000000         0.069881       123.479727
   1768.000000         0.069897       123.577896
   1769.000000         0.069913       123.676097
   1770.000000         0.069928       123.772560
   1771.000000         0.069944       123.870824
   1772.000000         0.069960       123.969120
   1773.000000         0.069975       124.065675
   1774.000000         0.069991       124.164034
   1775.000000         0.070007       124.262425
   1776.000000         0.070022       124.359072
   1777.000000         0.070038       124.457526
   1778.000000         0.070053       124.554234
   1779.000000         0.070069       124.652751
   1780.000000         0.070085       124.751300
   1781.000000         0.070100       124.848100
   1782.000000         0.070116       124.946712
   1783.000000         0.070131       125.043573
   1784.000000         0.070147       125.142248
   1785.000000         0.070163       125.240955
   1786.000000         0.070178       125.337908
   1787.000000         0.070194       125.436678
   1788.000000         0.070209       125.533692
   1789.000000         0.070225       125.632525
   1790.000000         0.070240       125.729600
   1791.000000         0.070256       125.828496
   1792.000000         0.070271       125.925632
   1793.000000         0.070287       126.024591
   1794.000000         0.070302       126.121788
   1795.000000         0.070318       126.220810
   1796.000000         0.070333       126.318068
   1797.000000         0.070349       126.417153
   1798.000000         0.070364       126.514472
   1799.000000         0.070380       126.613620
   1800.000000         0.070395       126.711000
   1801.000000         0.070410       126.808410
   1802.000000         0.070426       126.907652
   1803.000000         0.070441       127.005123
   1804.000000         0.070457       127.104428
   1805.000000         0.070472       127.201960
   1806.000000         0.070487       127.299522
   1807.000000         0.070503       127.398921
   1808.000000         0.070518       127.496544
   1809.000000         0.070534       127.596006
   1810.000000         0.070549       127.693690
   1811.000000         0.070564       127.791404
   1812.000000         0.070580       127.890960
   1813.000000         0.070595       127.988735
   1814.000000         0.070610       128.086540
   1815.000000         0.070626       128.186190
   1816.000000         0.070641       128.284056
   1817.000000         0.070656       128.381952
   1818.000000         0.070671       128.479878
   1819.000000         0.070687       128.579653
   1820.000000         0.070702       128.677640
   1821.000000         0.070717       128.775657
   1822.000000         0.070733       128.875526
   1823.000000         0.070748       128.973604
   1824.000000         0.070763       129.071712
   1825.000000         0.070778       129.169850
   1826.000000         0.070793       129.268018
   1827.000000         0.070809       129.368043
   1828.000000         0.070824       129.466272
   1829.000000         0.070839       129.564531
   1830.000000         0.070854       129.662820
   1831.000000         0.070869       129.761139
   1832.000000         0.070885       129.861320
   1833.000000         0.070900       129.959700
   1834.000000         0.070915       130.058110
   1835.000000         0.070930       130.156550
   1836.000000         0.070945       130.255020
   1837.000000         0.070960       130.353520
   1838.000000         0.070975       130.452050
   1839.000000         0.070991       130.552449
   1840.000000         0.071006       130.651040
   1841.000000         0.071021       130.749661
   1842.000000         0.071036       130.848312
   1843.000000         0.071051       130.946993
   1844.000000         0.071066       131.045704
   1845.000000         0.071081       131.144445
   1846.000000         0.071096       131.243216
   1847.000000         0.071111       131.342017
   1848.000000         0.071126       131.440848
   1849.000000         0.071141       131.539709
   1850.000000         0.071156       131.638600
   1851.000000         0.071171       131.737521
   1852.000000         0.071186       131.836472
   1853.000000         0.071201       131.935453
   1854.000000         0.071216       132.034464
   1855.000000         0.071231       132.133505
   1856.000000         0.071246       132.232576
   1857.000000         0.071261       132.331677
   1858.000000         0.071276       132.430808
   1859.000000         0.071291       132.529969
   1860.000000         0.071306       132.629160
   1861.000000         0.071321       132.728381
   1862.000000         0.071336       132.827632
   1863.000000         0.071351       132.926913
   1864.000000         0.071366       133.026224
   1865.000000         0.071381       133.125565
   1866.000000         0.071396       133.224936
   1867.000000         0.071410       133.322470
   1868.000000         0.071425       133.421900
   1869.000000         0.071440       133.521360
   1870.000000         0.071455       133.620850
   1871.000000         0.071470       133.720370
   1872.000000         0.071485       133.819920
   1873.000000         0.071500       133.919500
   1874.000000         0.071514       134.017236
   1875.000000         0.071529       134.116875
   1876.000000         0.071544       134.216544
   1877.000000         0.071559       134.316243
   1878.000000         0.071574       134.415972
   1879.000000         0.071588       134.513852
   1880.000000         0.071603       134.613640
   1881.000000         0.071618       134.713458
   1882.000000         0.071633       134.813306
   1883.000000         0.071648       134.913184
   1884.000000         0.071662       135.011208
   1885.000000         0.071677       135.111145
   1886.000000         0.071692       135.211112
   1887.000000         0.071706       135.309222
   1888.000000         0.071721       135.409248
   1889.000000         0.071736       135.509304
   1890.000000         0.071751       135.609390
   1891.000000         0.071765       135.707615
   1892.000000         0.071780       135.807760
   1893.000000         0.071795       135.907935
   1894.000000         0.071809       136.006246
   1895.000000         0.071824       136.106480
   1896.000000         0.071839       136.206744
   1897.000000         0.071853       136.305141
   1898.000000         0.071868       136.405464
   1899.000000         0.071883       136.505817
   1900.000000         0.071897       136.604300
