      1.000000         0.000000         0.000000
      2.000000         0.000000         0.000000
      3.000000         0.000000         0.000000
      4.000000         0.000000         0.000000
      5.000000         0.000000         0.000000
      6.000000         0.000000         0.000000
      7.000000         0.000000         0.000000
      8.000000         0.000000         0.000000
      9.000000         0.000000         0.000000
     10.000000         0.000000         0.000000
     11.000000         0.000000         0.000000
     12.000000         0.000000         0.000000
     13.000000         0.000000         0.000000
     14.000000         0.000001         0.000014
     15.000000         0.000001         0.000015
     16.000000         0.000002         0.000032
     17.000000         0.000003         0.000051
     18.000000         0.000004         0.000072
     19.000000         0.000006         0.000114
     20.000000         0.000008         0.000160
     21.000000         0.000011         0.000231
     22.000000         0.000014         0.000308
     23.000000         0.000018         0.000414
     24.000000         0.000023         0.000552
     25.000000         0.000029         0.000725
     26.000000         0.000035         0.000910
     27.000000         0.000043         0.001161
     28.000000         0.000051         0.001428
     29.000000         0.000061         0.001769
     30.000000         0.000072         0.002160
     31.000000         0.000084         0.002604
     32.000000         0.000098         0.003136
     33.000000         0.000113         0.003729
     34.000000         0.000129         0.004386
     35.000000         0.000146         0.005110
     36.000000         0.000165         0.005940
     37.000000         0.000186         0.006882
     38.000000         0.000207         0.007866
     39.000000         0.000231         0.009009
     40.000000         0.000255         0.010200
     41.000000         0.000281         0.011521
     42.000000         0.000309         0.012978
     43.000000         0.000338         0.014534
     44.000000         0.000368         0.016192
     45.000000         0.000400         0.018000
     46.000000         0.000433         0.019918
     47.000000         0.000467         0.021949
     48.000000         0.000503         0.024144
     49.000000         0.000540         0.026460
     50.000000         0.000579         0.028950
     51.000000         0.000619         0.031569
     52.000000         0.000660         0.034320
     53.000000         0.000702         0.037206
     54.000000         0.000746         0.040284
     55.000000         0.000791         0.043505
     56.000000         0.000838         0.046928
     57.000000         0.000885         0.050445
     58.000000         0.000934         0.054172
     59.000000         0.000984         0.058056
     60.000000         0.001035         0.062100
     61.000000         0.001087         0.066307
     62.000000         0.001141         0.070742
     63.000000         0.001195         0.075285
     64.000000         0.001251         0.080064
     65.000000         0.001308         0.085020
     66.000000         0.001365         0.090090
     67.000000         0.001424         0.095408
     68.000000         0.001484         0.100912
     69.000000         0.001546         0.106674
     70.000000         0.001608         0.112560
     71.000000         0.001671         0.118641
     72.000000         0.001735         0.124920
     73.000000         0.001800         0.131400
     74.000000         0.001866         0.138084
     75.000000         0.001933         0.144975
     76.000000         0.002001         0.152076
     77.000000         0.002070         0.159390
     78.000000         0.002140         0.166920
     79.000000         0.002211         0.174669
     80.000000         0.002282         0.182560
     81.000000         0.002355         0.190755
     82.000000         0.002428         0.199096
     83.000000         0.002502         0.207666
     84.000000         0.002577         0.216468
     85.000000         0.002653         0.225505
     86.000000         0.002730         0.234780
     87.000000         0.002807         0.244209
     88.000000         0.002885         0.253880
     89.000000         0.002964         0.263796
     90.000000         0.003043         0.273870
     91.000000         0.003124         0.284284
     92.000000         0.003205         0.294860
     93.000000         0.003286         0.305598
     94.000000         0.003369         0.316686
     95.000000         0.003452         0.327940
     96.000000         0.003535         0.339360
     97.000000         0.003620         0.351140
     98.000000         0.003704         0.362992
     99.000000         0.003790         0.375210
    100.000000         0.003876         0.387600
    101.000000         0.003963         0.400263
    102.000000         0.004050         0.413100
    103.000000         0.004137         0.426111
    104.000000         0.004225         0.439400
    105.000000         0.004314         0.452970
    106.000000         0.004403         0.466718
    107.000000         0.004493         0.480751
    108.000000         0.004583         0.494964
    109.000000         0.004674         0.509466
    110.000000         0.004765         0.524150
    111.000000         0.004856         0.539016
    112.000000         0.004948         0.554176
    113.000000         0.005040         0.569520
    114.000000         0.005133         0.585162
    115.000000         0.005226         0.600990
    116.000000         0.005319         0.617004
    117.000000         0.005413         0.633321
    118.000000         0.005507         0.649826
    119.000000         0.005601         0.666519
    120.000000         0.005696         0.683520
    121.000000         0.005791         0.700711
    122.000000         0.005886         0.718092
    123.000000         0.005981         0.735663
    124.000000         0.006077         0.753548
    125.000000         0.006173         0.771625
    126.000000         0.006269         0.789894
    127.000000         0.006366         0.808482
    128.000000         0.006462         0.827136
    129.000000         0.006559         0.846111
    130.000000         0.006656         0.865280
    131.000000         0.006754         0.884774
    132.000000         0.006851         0.904332
    133.000000         0.006949         0.924217
    134.000000         0.007047         0.944298
    135.000000         0.007144         0.964440
    136.000000         0.007243         0.985048
    137.000000         0.007341         1.005717
    138.000000         0.007439         1.026582
    139.000000         0.007538         1.047782
    140.000000         0.007636         1.069040
    141.000000         0.007735         1.090635
    142.000000         0.007834         1.112428
    143.000000         0.007932         1.134276
    144.000000         0.008031         1.156464
    145.000000         0.008130         1.178850
    146.000000         0.008229         1.201434
    147.000000         0.008328         1.224216
    148.000000         0.008428         1.247344
    149.000000         0.008527         1.270523
    150.000000         0.008626         1.293900
    151.000000         0.008725         1.317475
    152.000000         0.008824         1.341248
    153.000000         0.008924         1.365372
    154.000000         0.009023         1.389542
    155.000000         0.009122         1.413910
    156.000000         0.009222         1.438632
    157.000000         0.009321         1.463397
    158.000000         0.009420         1.488360
    159.000000         0.009519         1.513521
    160.000000         0.009619         1.539040
    161.000000         0.009718         1.564598
    162.000000         0.009817         1.590354
    163.000000         0.009916         1.616308
    164.000000         0.010015         1.642460
    165.000000         0.010114         1.668810
    166.000000         0.010213         1.695358
    167.000000         0.010312         1.722104
    168.000000         0.010411         1.749048
    169.000000         0.010510         1.776190
    170.000000         0.010608         1.803360
    171.000000         0.010707         1.830897
    172.000000         0.010806         1.858632
    173.000000         0.010904         1.886392
    174.000000         0.011002         1.914348
    175.000000         0.011101         1.942675
    176.000000         0.011199         1.971024
    177.000000         0.011297         1.999569
    178.000000         0.011395         2.028310
    179.000000         0.011493         2.057247
    180.000000         0.011591         2.086380
    181.000000         0.011688         2.115528
    182.000000         0.011786         2.145052
    183.000000         0.011883         2.174589
    184.000000         0.011981         2.204504
    185.000000         0.012078         2.234430
    186.000000         0.012175         2.264550
    187.000000         0.012272         2.294864
    188.000000         0.012369         2.325372
    189.000000         0.012466         2.356074
    190.000000         0.012562         2.386780
    191.000000         0.012659         2.417869
    192.000000         0.012755         2.448960
    193.000000         0.012851         2.480243
    194.000000         0.012947         2.511718
    195.000000         0.013043         2.543385
    196.000000         0.013139         2.575244
    197.000000         0.013234         2.607098
    198.000000         0.013330         2.639340
    199.000000         0.013425         2.671575
    200.000000         0.013520         2.704000
    201.000000         0.013615         2.736615
    202.000000         0.013710         2.769420
    203.000000         0.013805         2.802415
    204.000000         0.013899         2.835396
    205.000000         0.013994         2.868770
    206.000000         0.014088         2.902128
    207.000000         0.014182         2.935674
    208.000000         0.014276         2.969408
    209.000000         0.014369         3.003121
    210.000000         0.014463         3.037230
    211.000000         0.014556         3.071316
    212.000000         0.014649         3.105588
    213.000000         0.014743         3.140259
    214.000000         0.014835         3.174690
    215.000000         0.014928         3.209520
    216.000000         0.015021         3.244536
    217.000000         0.015113         3.279521
    218.000000         0.015205         3.314690
    219.000000         0.015297         3.350043
    220.000000         0.015389         3.385580
    221.000000         0.015481         3.421301
    222.000000         0.015572         3.456984
    223.000000         0.015663         3.492849
    224.000000         0.015754         3.528896
    225.000000         0.015845         3.565125
    226.000000         0.015936         3.601536
    227.000000         0.016027         3.638129
    228.000000         0.016117         3.674676
    229.000000         0.016207         3.711403
    230.000000         0.016297         3.748310
    231.000000         0.016387         3.785397
    232.000000         0.016477         3.822664
    233.000000         0.016566         3.859878
    234.000000         0.016656         3.897504
    235.000000         0.016745         3.935075
    236.000000         0.016834         3.972824
    237.000000         0.016923         4.010751
    238.000000         0.017011         4.048618
    239.000000         0.017100         4.086900
    240.000000         0.017188         4.125120
    241.000000         0.017276         4.163516
    242.000000         0.017364         4.202088
    243.000000         0.017451         4.240593
    244.000000         0.017539         4.279516
    245.000000         0.017626         4.318370
    246.000000         0.017713         4.357398
    247.000000         0.017800         4.396600
    248.000000         0.017887         4.435976
    249.000000         0.017973         4.475277
    250.000000         0.018060         4.515000
    251.000000         0.018146         4.554646
    252.000000         0.018232         4.594464
    253.000000         0.018318         4.634454
    254.000000         0.018403         4.674362
    255.000000         0.018489         4.714695
    256.000000         0.018574         4.754944
    257.000000         0.018659         4.795363
    258.000000         0.018744         4.835952
    259.000000         0.018829         4.876711
    260.000000         0.018913         4.917380
    261.000000         0.018998         4.958478
    262.000000         0.019082         4.999484
    263.000000         0.019166         5.040658
    264.000000         0.019250         5.082000
    265.000000         0.019333         5.123245
    266.000000         0.019417         5.164922
    267.000000         0.019500         5.206500
    268.000000         0.019583         5.248244
    269.000000         0.019666         5.290154
    270.000000         0.019749         5.332230
    271.000000         0.019831         5.374201
    272.000000         0.019913         5.416336
    273.000000         0.019996         5.458908
    274.000000         0.020078         5.501372
    275.000000         0.020159         5.543725
    276.000000         0.020241         5.586516
    277.000000         0.020322         5.629194
    278.000000         0.020404         5.672312
    279.000000         0.020485         5.715315
    280.000000         0.020566         5.758480
    281.000000         0.020646         5.801526
    282.000000         0.020727         5.845014
    283.000000         0.020807         5.888381
    284.000000         0.020887         5.931908
    285.000000         0.020967         5.975595
    286.000000         0.021047         6.019442
    287.000000         0.021127         6.063449
    288.000000         0.021206         6.107328
    289.000000         0.021286         6.151654
    290.000000         0.021365         6.195850
    291.000000         0.021444         6.240204
    292.000000         0.021523         6.284716
    293.000000         0.021601         6.329093
    294.000000         0.021680         6.373920
    295.000000         0.021758         6.418610
    296.000000         0.021836         6.463456
    297.000000         0.021914         6.508458
    298.000000         0.021992         6.553616
    299.000000         0.022069         6.598631
    300.000000         0.022147         6.644100
    301.000000         0.022224         6.689424
    302.000000         0.022301         6.734902
    303.000000         0.022378         6.780534
    304.000000         0.022454         6.826016
    305.000000         0.022531         6.871955
    306.000000         0.022607         6.917742
    307.000000         0.022683         6.963681
    308.000000         0.022760         7.010080
    309.000000         0.022835         7.056015
    310.000000         0.022911         7.102410
    311.000000         0.022987         7.148957
    312.000000         0.023062         7.195344
    313.000000         0.023137         7.241881
    314.000000         0.023212         7.288568
    315.000000         0.023287         7.335405
    316.000000         0.023362         7.382392
    317.000000         0.023436         7.429212
    318.000000         0.023511         7.476498
    319.000000         0.023585         7.523615
    320.000000         0.023659         7.570880
    321.000000         0.023733         7.618293
    322.000000         0.023807         7.665854
    323.000000         0.023880         7.713240
    324.000000         0.023954         7.761096
    325.000000         0.024027         7.808775
    326.000000         0.024100         7.856600
    327.000000         0.024173         7.904571
    328.000000         0.024246         7.952688
    329.000000         0.024318         8.000622
    330.000000         0.024391         8.049030
    331.000000         0.024463         8.097253
    332.000000         0.024535         8.145620
    333.000000         0.024607         8.194131
    334.000000         0.024679         8.242786
    335.000000         0.024751         8.291585
    336.000000         0.024822         8.340192
    337.000000         0.024893         8.388941
    338.000000         0.024965         8.438170
    339.000000         0.025036         8.487204
    340.000000         0.025107         8.536380
    341.000000         0.025177         8.585357
    342.000000         0.025248         8.634816
    343.000000         0.025318         8.684074
    344.000000         0.025389         8.733816
    345.000000         0.025459         8.783355
    346.000000         0.025529         8.833034
    347.000000         0.025599         8.882853
    348.000000         0.025668         8.932464
    349.000000         0.025738         8.982562
    350.000000         0.025807         9.032450
    351.000000         0.025877         9.082827
    352.000000         0.025946         9.132992
    353.000000         0.026015         9.183295
    354.000000         0.026083         9.233382
    355.000000         0.026152         9.283960
    356.000000         0.026221         9.334676
    357.000000         0.026289         9.385173
    358.000000         0.026357         9.435806
    359.000000         0.026425         9.486575
    360.000000         0.026493         9.537480
    361.000000         0.026561         9.588521
    362.000000         0.026629         9.639698
    363.000000         0.026696         9.690648
    364.000000         0.026764         9.742096
    365.000000         0.026831         9.793315
    366.000000         0.026898         9.844668
    367.000000         0.026965         9.896155
    368.000000         0.027032         9.947776
    369.000000         0.027098         9.999162
    370.000000         0.027165        10.051050
    371.000000         0.027231        10.102701
    372.000000         0.027297        10.154484
    373.000000         0.027364        10.206772
    374.000000         0.027430        10.258820
    375.000000         0.027495        10.310625
    376.000000         0.027561        10.362936
    377.000000         0.027627        10.415379
    378.000000         0.027692        10.467576
    379.000000         0.027757        10.519903
    380.000000         0.027822        10.572360
    381.000000         0.027888        10.625328
    382.000000         0.027952        10.677664
    383.000000         0.028017        10.730511
    384.000000         0.028082        10.783488
    385.000000         0.028146        10.836210
    386.000000         0.028211        10.889446
    387.000000         0.028275        10.942425
    388.000000         0.028339        10.995532
    389.000000         0.028403        11.048767
    390.000000         0.028467        11.102130
    391.000000         0.028531        11.155621
    392.000000         0.028594        11.208848
    393.000000         0.028658        11.262594
    394.000000         0.028721        11.316074
    395.000000         0.028784        11.369680
    396.000000         0.028847        11.423412
    397.000000         0.028910        11.477270
    398.000000         0.028973        11.531254
    399.000000         0.029036        11.585364
    400.000000         0.029098        11.639200
    401.000000         0.029161        11.693561
    402.000000         0.029223        11.747646
    403.000000         0.029285        11.801855
    404.000000         0.029347        11.856188
    405.000000         0.029409        11.910645
    406.000000         0.029471        11.965226
    407.000000         0.029533        12.019931
    408.000000         0.029594        12.074352
    409.000000         0.029656        12.129304
    410.000000         0.029717        12.183970
    411.000000         0.029778        12.238758
    412.000000         0.029839        12.293668
    413.000000         0.029900        12.348700
    414.000000         0.029961        12.403854
    415.000000         0.030022        12.459130
    416.000000         0.030082        12.514112
    417.000000         0.030143        12.569631
    418.000000         0.030203        12.624854
    419.000000         0.030263        12.680197
    420.000000         0.030324        12.736080
    421.000000         0.030384        12.791664
    422.000000         0.030443        12.846946
    423.000000         0.030503        12.902769
    424.000000         0.030563        12.958712
    425.000000         0.030622        13.014350
    426.000000         0.030682        13.070532
    427.000000         0.030741        13.126407
    428.000000         0.030800        13.182400
    429.000000         0.030859        13.238511
    430.000000         0.030918        13.294740
    431.000000         0.030977        13.351087
    432.000000         0.031036        13.407552
    433.000000         0.031095        13.464135
    434.000000         0.031153        13.520402
    435.000000         0.031212        13.577220
    436.000000         0.031270        13.633720
    437.000000         0.031328        13.690336
    438.000000         0.031386        13.747068
    439.000000         0.031444        13.803916
    440.000000         0.031502        13.860880
    441.000000         0.031560        13.917960
    442.000000         0.031617        13.974714
    443.000000         0.031675        14.032025
    444.000000         0.031732        14.089008
    445.000000         0.031790        14.146550
    446.000000         0.031847        14.203762
    447.000000         0.031904        14.261088
    448.000000         0.031961        14.318528
    449.000000         0.032018        14.376082
    450.000000         0.032075        14.433750
    451.000000         0.032131        14.491081
    452.000000         0.032188        14.548976
    453.000000         0.032244        14.606532
    454.000000         0.032301        14.664654
    455.000000         0.032357        14.722435
    456.000000         0.032413        14.780328
    457.000000         0.032469        14.838333
    458.000000         0.032525        14.896450
    459.000000         0.032581        14.954679
    460.000000         0.032637        15.013020
    461.000000         0.032692        15.071012
    462.000000         0.032748        15.129576
    463.000000         0.032803        15.187789
    464.000000         0.032858        15.246112
    465.000000         0.032914        15.305010
    466.000000         0.032969        15.363554
    467.000000         0.033024        15.422208
    468.000000         0.033079        15.480972
    469.000000         0.033133        15.539377
    470.000000         0.033188        15.598360
    471.000000         0.033243        15.657453
    472.000000         0.033297        15.716184
    473.000000         0.033352        15.775496
    474.000000         0.033406        15.834444
    475.000000         0.033460        15.893500
    476.000000         0.033514        15.952664
    477.000000         0.033568        16.011936
    478.000000         0.033622        16.071316
    479.000000         0.033676        16.130804
    480.000000         0.033730        16.190400
    481.000000         0.033784        16.250104
    482.000000         0.033837        16.309434
    483.000000         0.033891        16.369353
    484.000000         0.033944        16.428896
    485.000000         0.033997        16.488545
    486.000000         0.034050        16.548300
    487.000000         0.034103        16.608161
    488.000000         0.034156        16.668128
    489.000000         0.034209        16.728201
    490.000000         0.034262        16.788380
    491.000000         0.034315        16.848665
    492.000000         0.034367        16.908564
    493.000000         0.034420        16.969060
    494.000000         0.034472        17.029168
    495.000000         0.034525        17.089875
    496.000000         0.034577        17.150192
    497.000000         0.034629        17.210613
    498.000000         0.034681        17.271138
    499.000000         0.034733        17.331767
    500.000000         0.034785        17.392500
    501.000000         0.034837        17.453337
    502.000000         0.034888        17.513776
    503.000000         0.034940        17.574820
    504.000000         0.034991        17.635464
    505.000000         0.035043        17.696715
    506.000000         0.035094        17.757564
    507.000000         0.035145        17.818515
    508.000000         0.035197        17.880076
    509.000000         0.035248        17.941232
    510.000000         0.035299        18.002490
    511.000000         0.035349        18.063339
    512.000000         0.035400        18.124800
    513.000000         0.035451        18.186363
    514.000000         0.035502        18.248028
    515.000000         0.035552        18.309280
    516.000000         0.035603        18.371148
    517.000000         0.035653        18.432601
    518.000000         0.035703        18.494154
    519.000000         0.035753        18.555807
    520.000000         0.035804        18.618080
    521.000000         0.035854        18.679934
    522.000000         0.035904        18.741888
    523.000000         0.035953        18.803419
    524.000000         0.036003        18.865572
    525.000000         0.036053        18.927825
    526.000000         0.036102        18.989652
    527.000000         0.036152        19.052104
    528.000000         0.036201        19.114128
    529.000000         0.036251        19.176779
    530.000000         0.036300        19.239000
    531.000000         0.036349        19.301319
    532.000000         0.036398        19.363736
    533.000000         0.036447        19.426251
    534.000000         0.036496        19.488864
    535.000000         0.036545        19.551575
    536.000000         0.036594        19.614384
    537.000000         0.036643        19.677291
    538.000000         0.036691        19.739758
    539.000000         0.036740        19.802860
    540.000000         0.036788        19.865520
    541.000000         0.036837        19.928817
    542.000000         0.036885        19.991670
    543.000000         0.036933        20.054619
    544.000000         0.036981        20.117664
    545.000000         0.037029        20.180805
    546.000000         0.037077        20.244042
    547.000000         0.037125        20.307375
    548.000000         0.037173        20.370804
    549.000000         0.037221        20.434329
    550.000000         0.037269        20.497950
    551.000000         0.037316        20.561116
    552.000000         0.037364        20.624928
    553.000000         0.037411        20.688283
    554.000000         0.037459        20.752286
    555.000000         0.037506        20.815830
    556.000000         0.037553        20.879468
    557.000000         0.037600        20.943200
    558.000000         0.037647        21.007026
    559.000000         0.037694        21.070946
    560.000000         0.037741        21.134960
    561.000000         0.037788        21.199068
    562.000000         0.037835        21.263270
    563.000000         0.037881        21.327003
    564.000000         0.037928        21.391392
    565.000000         0.037975        21.455875
    566.000000         0.038021        21.519886
    567.000000         0.038068        21.584556
    568.000000         0.038114        21.648752
    569.000000         0.038160        21.713040
    570.000000         0.038206        21.777420
    571.000000         0.038252        21.841892
    572.000000         0.038298        21.906456
    573.000000         0.038344        21.971112
    574.000000         0.038390        22.035860
    575.000000         0.038436        22.100700
    576.000000         0.038482        22.165632
    577.000000         0.038527        22.230079
    578.000000         0.038573        22.295194
    579.000000         0.038619        22.360401
    580.000000         0.038664        22.425120
    581.000000         0.038709        22.489929
    582.000000         0.038755        22.555410
    583.000000         0.038800        22.620400
    584.000000         0.038845        22.685480
    585.000000         0.038890        22.750650
    586.000000         0.038935        22.815910
    587.000000         0.038980        22.881260
    588.000000         0.039025        22.946700
    589.000000         0.039070        23.012230
    590.000000         0.039115        23.077850
    591.000000         0.039159        23.142969
    592.000000         0.039204        23.208768
    593.000000         0.039249        23.274657
    594.000000         0.039293        23.340042
    595.000000         0.039337        23.405515
    596.000000         0.039382        23.471672
    597.000000         0.039426        23.537322
    598.000000         0.039470        23.603060
    599.000000         0.039514        23.668886
    600.000000         0.039559        23.735400
    601.000000         0.039603        23.801403
    602.000000         0.039647        23.867494
    603.000000         0.039690        23.933070
    604.000000         0.039734        23.999336
    605.000000         0.039778        24.065690
    606.000000         0.039822        24.132132
    607.000000         0.039865        24.198055
    608.000000         0.039909        24.264672
    609.000000         0.039952        24.330768
    610.000000         0.039996        24.397560
    611.000000         0.040039        24.463829
    612.000000         0.040082        24.530184
    613.000000         0.040126        24.597238
    614.000000         0.040169        24.663766
    615.000000         0.040212        24.730380
    616.000000         0.040255        24.797080
    617.000000         0.040298        24.863866
    618.000000         0.040341        24.930738
    619.000000         0.040384        24.997696
    620.000000         0.040426        25.064120
    621.000000         0.040469        25.131249
    622.000000         0.040512        25.198464
    623.000000         0.040554        25.265142
    624.000000         0.040597        25.332528
    625.000000         0.040639        25.399375
    626.000000         0.040682        25.466932
    627.000000         0.040724        25.533948
    628.000000         0.040766        25.601048
    629.000000         0.040809        25.668861
    630.000000         0.040851        25.736130
    631.000000         0.040893        25.803483
    632.000000         0.040935        25.870920
    633.000000         0.040977        25.938441
    634.000000         0.041019        26.006046
    635.000000         0.041061        26.073735
    636.000000         0.041102        26.140872
    637.000000         0.041144        26.208728
    638.000000         0.041186        26.276668
    639.000000         0.041227        26.344053
    640.000000         0.041269        26.412160
    641.000000         0.041310        26.479710
    642.000000         0.041352        26.547984
    643.000000         0.041393        26.615699
    644.000000         0.041434        26.683496
    645.000000         0.041476        26.752020
    646.000000         0.041517        26.819982
    647.000000         0.041558        26.888026
    648.000000         0.041599        26.956152
    649.000000         0.041640        27.024360
    650.000000         0.041681        27.092650
    651.000000         0.041722        27.161022
    652.000000         0.041763        27.229476
    653.000000         0.041804        27.298012
    654.000000         0.041844        27.365976
    655.000000         0.041885        27.434675
    656.000000         0.041926        27.503456
    657.000000         0.041966        27.571662
    658.000000         0.042007        27.640606
    659.000000         0.042047        27.708973
    660.000000         0.042088        27.778080
    661.000000         0.042128        27.846608
    662.000000         0.042168        27.915216
    663.000000         0.042208        27.983904
    664.000000         0.042249        28.053336
    665.000000         0.042289        28.122185
    666.000000         0.042329        28.191114
    667.000000         0.042369        28.260123
    668.000000         0.042409        28.329212
    669.000000         0.042448        28.397712
    670.000000         0.042488        28.466960
    671.000000         0.042528        28.536288
    672.000000         0.042568        28.605696
    673.000000         0.042607        28.674511
    674.000000         0.042647        28.744078
    675.000000         0.042687        28.813725
    676.000000         0.042726        28.882776
    677.000000         0.042766        28.952582
    678.000000         0.042805        29.021790
    679.000000         0.042844        29.091076
    680.000000         0.042884        29.161120
    681.000000         0.042923        29.230563
    682.000000         0.042962        29.300084
    683.000000         0.043001        29.369683
    684.000000         0.043040        29.439360
    685.000000         0.043079        29.509115
    686.000000         0.043118        29.578948
    687.000000         0.043157        29.648859
    688.000000         0.043196        29.718848
    689.000000         0.043235        29.788915
    690.000000         0.043273        29.858370
    691.000000         0.043312        29.928592
    692.000000         0.043351        29.998892
    693.000000         0.043389        30.068577
    694.000000         0.043428        30.139032
    695.000000         0.043466        30.208870
    696.000000         0.043505        30.279480
    697.000000         0.043543        30.349471
    698.000000         0.043582        30.420236
    699.000000         0.043620        30.490380
    700.000000         0.043658        30.560600
    701.000000         0.043696        30.630896
    702.000000         0.043734        30.701268
    703.000000         0.043772        30.771716
    704.000000         0.043811        30.842944
    705.000000         0.043849        30.913545
    706.000000         0.043886        30.983516
    707.000000         0.043924        31.054268
    708.000000         0.043962        31.125096
    709.000000         0.044000        31.196000
    710.000000         0.044038        31.266980
    711.000000         0.044075        31.337325
    712.000000         0.044113        31.408456
    713.000000         0.044151        31.479663
    714.000000         0.044188        31.550232
    715.000000         0.044226        31.621590
    716.000000         0.044263        31.692308
    717.000000         0.044300        31.763100
    718.000000         0.044338        31.834684
    719.000000         0.044375        31.905625
    720.000000         0.044412        31.976640
    721.000000         0.044449        32.047729
    722.000000         0.044487        32.119614
    723.000000         0.044524        32.190852
    724.000000         0.044561        32.262164
    725.000000         0.044598        32.333550
    726.000000         0.044635        32.405010
    727.000000         0.044672        32.476544
    728.000000         0.044708        32.547424
    729.000000         0.044745        32.619105
    730.000000         0.044782        32.690860
    731.000000         0.044819        32.762689
    732.000000         0.044855        32.833860
    733.000000         0.044892        32.905836
    734.000000         0.044929        32.977886
    735.000000         0.044965        33.049275
    736.000000         0.045002        33.121472
    737.000000         0.045038        33.193006
    738.000000         0.045074        33.264612
    739.000000         0.045111        33.337029
    740.000000         0.045147        33.408780
    741.000000         0.045183        33.480603
    742.000000         0.045219        33.552498
    743.000000         0.045256        33.625208
    744.000000         0.045292        33.697248
    745.000000         0.045328        33.769360
    746.000000         0.045364        33.841544
    747.000000         0.045400        33.913800
    748.000000         0.045436        33.986128
    749.000000         0.045472        34.058528
    750.000000         0.045507        34.130250
    751.000000         0.045543        34.202793
    752.000000         0.045579        34.275408
    753.000000         0.045615        34.348095
    754.000000         0.045650        34.420100
    755.000000         0.045686        34.492930
    756.000000         0.045722        34.565832
    757.000000         0.045757        34.638049
    758.000000         0.045793        34.711094
    759.000000         0.045828        34.783452
    760.000000         0.045863        34.855880
    761.000000         0.045899        34.929139
    762.000000         0.045934        35.001708
    763.000000         0.045969        35.074347
    764.000000         0.046005        35.147820
    765.000000         0.046040        35.220600
    766.000000         0.046075        35.293450
    767.000000         0.046110        35.366370
    768.000000         0.046145        35.439360
    769.000000         0.046180        35.512420
    770.000000         0.046215        35.585550
    771.000000         0.046250        35.658750
    772.000000         0.046285        35.732020
    773.000000         0.046320        35.805360
    774.000000         0.046354        35.877996
    775.000000         0.046389        35.951475
    776.000000         0.046424        36.025024
    777.000000         0.046458        36.097866
    778.000000         0.046493        36.171554
    779.000000         0.046528        36.245312
    780.000000         0.046562        36.318360
    781.000000         0.046597        36.392257
    782.000000         0.046631        36.465442
    783.000000         0.046666        36.539478
    784.000000         0.046700        36.612800
    785.000000         0.046734        36.686190
    786.000000         0.046768        36.759648
    787.000000         0.046803        36.833961
    788.000000         0.046837        36.907556
    789.000000         0.046871        36.981219
    790.000000         0.046905        37.054950
    791.000000         0.046939        37.128749
    792.000000         0.046973        37.202616
    793.000000         0.047007        37.276551
    794.000000         0.047041        37.350554
    795.000000         0.047075        37.424625
    796.000000         0.047109        37.498764
    797.000000         0.047143        37.572971
    798.000000         0.047177        37.647246
    799.000000         0.047210        37.720790
    800.000000         0.047244        37.795200
    801.000000         0.047278        37.869678
    802.000000         0.047312        37.944224
    803.000000         0.047345        38.018035
    804.000000         0.047379        38.092716
    805.000000         0.047412        38.166660
    806.000000         0.047446        38.241476
    807.000000         0.047479        38.315553
    808.000000         0.047512        38.389696
    809.000000         0.047546        38.464714
    810.000000         0.047579        38.538990
    811.000000         0.047612        38.613332
    812.000000         0.047646        38.688552
    813.000000         0.047679        38.763027
    814.000000         0.047712        38.837568
    815.000000         0.047745        38.912175
    816.000000         0.047778        38.986848
    817.000000         0.047811        39.061587
    818.000000         0.047844        39.136392
    819.000000         0.047877        39.211263
    820.000000         0.047910        39.286200
    821.000000         0.047943        39.361203
    822.000000         0.047976        39.436272
    823.000000         0.048009        39.511407
    824.000000         0.048042        39.586608
    825.000000         0.048074        39.661050
    826.000000         0.048107        39.736382
    827.000000         0.048140        39.811780
    828.000000         0.048172        39.886416
    829.000000         0.048205        39.961945
    830.000000         0.048237        40.036710
    831.000000         0.048270        40.112370
    832.000000         0.048302        40.187264
    833.000000         0.048335        40.263055
    834.000000         0.048367        40.338078
    835.000000         0.048400        40.414000
    836.000000         0.048432        40.489152
    837.000000         0.048464        40.564368
    838.000000         0.048497        40.640486
    839.000000         0.048529        40.715831
    840.000000         0.048561        40.791240
    841.000000         0.048593        40.866713
    842.000000         0.048625        40.942250
    843.000000         0.048657        41.017851
    844.000000         0.048689        41.093516
    845.000000         0.048721        41.169245
    846.000000         0.048753        41.245038
    847.000000         0.048785        41.320895
    848.000000         0.048817        41.396816
    849.000000         0.048849        41.472801
    850.000000         0.048881        41.548850
    851.000000         0.048913        41.624963
    852.000000         0.048944        41.700288
    853.000000         0.048976        41.776528
    854.000000         0.049008        41.852832
    855.000000         0.049039        41.928345
    856.000000         0.049071        42.004776
    857.000000         0.049103        42.081271
    858.000000         0.049134        42.156972
    859.000000         0.049166        42.233594
    860.000000         0.049197        42.309420
    861.000000         0.049229        42.386169
    862.000000         0.049260        42.462120
    863.000000         0.049291        42.538133
    864.000000         0.049323        42.615072
    865.000000         0.049354        42.691210
    866.000000         0.049385        42.767410
    867.000000         0.049416        42.843672
    868.000000         0.049448        42.920864
    869.000000         0.049479        42.997251
    870.000000         0.049510        43.073700
    871.000000         0.049541        43.150211
    872.000000         0.049572        43.226784
    873.000000         0.049603        43.303419
    874.000000         0.049634        43.380116
    875.000000         0.049665        43.456875
    876.000000         0.049696        43.533696
    877.000000         0.049727        43.610579
    878.000000         0.049758        43.687524
    879.000000         0.049789        43.764531
    880.000000         0.049819        43.840720
    881.000000         0.049850        43.917850
    882.000000         0.049881        43.995042
    883.000000         0.049912        44.072296
    884.000000         0.049942        44.148728
    885.000000         0.049973        44.226105
    886.000000         0.050003        44.302658
    887.000000         0.050034        44.380158
    888.000000         0.050064        44.456832
    889.000000         0.050095        44.534455
    890.000000         0.050125        44.611250
    891.000000         0.050156        44.688996
    892.000000         0.050186        44.765912
    893.000000         0.050217        44.843781
    894.000000         0.050247        44.920818
    895.000000         0.050277        44.997915
    896.000000         0.050307        45.075072
    897.000000         0.050338        45.153186
    898.000000         0.050368        45.230464
    899.000000         0.050398        45.307802
    900.000000         0.050428        45.385200
    901.000000         0.050458        45.462658
    902.000000         0.050488        45.540176
    903.000000         0.050518        45.617754
    904.000000         0.050548        45.695392
    905.000000         0.050578        45.773090
    906.000000         0.050608        45.850848
    907.000000         0.050638        45.928666
    908.000000         0.050668        46.006544
    909.000000         0.050698        46.084482
    910.000000         0.050728        46.162480
    911.000000         0.050757        46.239627
    912.000000         0.050787        46.317744
    913.000000         0.050817        46.395921
    914.000000         0.050847        46.474158
    915.000000         0.050876        46.551540
    916.000000         0.050906        46.629896
    917.000000         0.050935        46.707395
    918.000000         0.050965        46.785870
    919.000000         0.050995        46.864405
    920.000000         0.051024        46.942080
    921.000000         0.051054        47.020734
    922.000000         0.051083        47.098526
    923.000000         0.051112        47.176376
    924.000000         0.051142        47.255208
    925.000000         0.051171        47.333175
    926.000000         0.051200        47.411200
    927.000000         0.051230        47.490210
    928.000000         0.051259        47.568352
    929.000000         0.051288        47.646552
    930.000000         0.051317        47.724810
    931.000000         0.051347        47.804057
    932.000000         0.051376        47.882432
    933.000000         0.051405        47.960865
    934.000000         0.051434        48.039356
    935.000000         0.051463        48.117905
    936.000000         0.051492        48.196512
    937.000000         0.051521        48.275177
    938.000000         0.051550        48.353900
    939.000000         0.051579        48.432681
    940.000000         0.051608        48.511520
    941.000000         0.051637        48.590417
    942.000000         0.051665        48.668430
    943.000000         0.051694        48.747442
    944.000000         0.051723        48.826512
    945.000000         0.051752        48.905640
    946.000000         0.051780        48.983880
    947.000000         0.051809        49.063123
    948.000000         0.051838        49.142424
    949.000000         0.051866        49.220834
    950.000000         0.051895        49.300250
    951.000000         0.051924        49.379724
    952.000000         0.051952        49.458304
    953.000000         0.051981        49.537893
    954.000000         0.052009        49.616586
    955.000000         0.052038        49.696290
    956.000000         0.052066        49.775096
    957.000000         0.052094        49.853958
    958.000000         0.052123        49.933834
    959.000000         0.052151        50.012809
    960.000000         0.052179        50.091840
    961.000000         0.052208        50.171888
    962.000000         0.052236        50.251032
    963.000000         0.052264        50.330232
    964.000000         0.052292        50.409488
    965.000000         0.052321        50.489765
    966.000000         0.052349        50.569134
    967.000000         0.052377        50.648559
    968.000000         0.052405        50.728040
    969.000000         0.052433        50.807577
    970.000000         0.052461        50.887170
    971.000000         0.052489        50.966819
    972.000000         0.052517        51.046524
    973.000000         0.052545        51.126285
    974.000000         0.052573        51.206102
    975.000000         0.052601        51.285975
    976.000000         0.052629        51.365904
    977.000000         0.052657        51.445889
    978.000000         0.052684        51.524952
    979.000000         0.052712        51.605048
    980.000000         0.052740        51.685200
    981.000000         0.052768        51.765408
    982.000000         0.052795        51.844690
    983.000000         0.052823        51.925009
    984.000000         0.052851        52.005384
    985.000000         0.052878        52.084830
    986.000000         0.052906        52.165316
    987.000000         0.052933        52.244871
    988.000000         0.052961        52.325468
    989.000000         0.052988        52.405132
    990.000000         0.053016        52.485840
    991.000000         0.053043        52.565613
    992.000000         0.053071        52.646432
    993.000000         0.053098        52.726314
    994.000000         0.053126        52.807244
    995.000000         0.053153        52.887235
    996.000000         0.053180        52.967280
    997.000000         0.053208        53.048376
    998.000000         0.053235        53.128530
    999.000000         0.053262        53.208738
   1000.000000         0.053289        53.289000
   1001.000000         0.053317        53.370317
   1002.000000         0.053344        53.450688
   1003.000000         0.053371        53.531113
   1004.000000         0.053398        53.611592
   1005.000000         0.053425        53.692125
   1006.000000         0.053452        53.772712
   1007.000000         0.053479        53.853353
   1008.000000         0.053506        53.934048
   1009.000000         0.053533        54.014797
   1010.000000         0.053560        54.095600
   1011.000000         0.053587        54.176457
   1012.000000         0.053614        54.257368
   1013.000000         0.053641        54.338333
   1014.000000         0.053668        54.419352
   1015.000000         0.053695        54.500425
   1016.000000         0.053721        54.580536
   1017.000000         0.053748        54.661716
   1018.000000         0.053775        54.742950
   1019.000000         0.053802        54.824238
   1020.000000         0.053828        54.904560
   1021.000000         0.053855        54.985955
   1022.000000         0.053882        55.067404
   1023.000000         0.053908        55.147884
   1024.000000         0.053935        55.229440
   1025.000000         0.053961        55.310025
   1026.000000         0.053988        55.391688
   1027.000000         0.054015        55.473405
   1028.000000         0.054041        55.554148
   1029.000000         0.054067        55.634943
   1030.000000         0.054094        55.716820
   1031.000000         0.054120        55.797720
   1032.000000         0.054147        55.879704
   1033.000000         0.054173        55.960709
   1034.000000         0.054200        56.042800
   1035.000000         0.054226        56.123910
   1036.000000         0.054252        56.205072
   1037.000000         0.054278        56.286286
   1038.000000         0.054305        56.368590
   1039.000000         0.054331        56.449909
   1040.000000         0.054357        56.531280
   1041.000000         0.054383        56.612703
   1042.000000         0.054409        56.694178
   1043.000000         0.054436        56.776748
   1044.000000         0.054462        56.858328
   1045.000000         0.054488        56.939960
   1046.000000         0.054514        57.021644
   1047.000000         0.054540        57.103380
   1048.000000         0.054566        57.185168
   1049.000000         0.054592        57.267008
   1050.000000         0.054618        57.348900
   1051.000000         0.054644        57.430844
   1052.000000         0.054670        57.512840
   1053.000000         0.054696        57.594888
   1054.000000         0.054721        57.675934
   1055.000000         0.054747        57.758085
   1056.000000         0.054773        57.840288
   1057.000000         0.054799        57.922543
   1058.000000         0.054825        58.004850
   1059.000000         0.054850        58.086150
   1060.000000         0.054876        58.168560
   1061.000000         0.054902        58.251022
   1062.000000         0.054928        58.333536
   1063.000000         0.054953        58.415039
   1064.000000         0.054979        58.497656
   1065.000000         0.055004        58.579260
   1066.000000         0.055030        58.661980
   1067.000000         0.055056        58.744752
   1068.000000         0.055081        58.826508
   1069.000000         0.055107        58.909383
   1070.000000         0.055132        58.991240
   1071.000000         0.055158        59.074218
   1072.000000         0.055183        59.156176
   1073.000000         0.055208        59.238184
   1074.000000         0.055234        59.321316
   1075.000000         0.055259        59.403425
   1076.000000         0.055285        59.486660
   1077.000000         0.055310        59.568870
   1078.000000         0.055335        59.651130
   1079.000000         0.055361        59.734519
   1080.000000         0.055386        59.816880
   1081.000000         0.055411        59.899291
   1082.000000         0.055436        59.981752
   1083.000000         0.055461        60.064263
   1084.000000         0.055487        60.147908
   1085.000000         0.055512        60.230520
   1086.000000         0.055537        60.313182
   1087.000000         0.055562        60.395894
   1088.000000         0.055587        60.478656
   1089.000000         0.055612        60.561468
   1090.000000         0.055637        60.644330
   1091.000000         0.055662        60.727242
   1092.000000         0.055687        60.810204
   1093.000000         0.055712        60.893216
   1094.000000         0.055737        60.976278
   1095.000000         0.055762        61.059390
   1096.000000         0.055787        61.142552
   1097.000000         0.055812        61.225764
   1098.000000         0.055837        61.309026
   1099.000000         0.055861        61.391239
   1100.000000         0.055886        61.474600
   1101.000000         0.055911        61.558011
   1102.000000         0.055936        61.641472
   1103.000000         0.055961        61.724983
   1104.000000         0.055985        61.807440
   1105.000000         0.056010        61.891050
   1106.000000         0.056035        61.974710
   1107.000000         0.056059        62.057313
   1108.000000         0.056084        62.141072
   1109.000000         0.056109        62.224881
   1110.000000         0.056133        62.307630
   1111.000000         0.056158        62.391538
   1112.000000         0.056182        62.474384
   1113.000000         0.056207        62.558391
   1114.000000         0.056231        62.641334
   1115.000000         0.056256        62.725440
   1116.000000         0.056280        62.808480
   1117.000000         0.056305        62.892685
   1118.000000         0.056329        62.975822
   1119.000000         0.056354        63.060126
   1120.000000         0.056378        63.143360
   1121.000000         0.056402        63.226642
   1122.000000         0.056427        63.311094
   1123.000000         0.056451        63.394473
   1124.000000         0.056475        63.477900
   1125.000000         0.056500        63.562500
   1126.000000         0.056524        63.646024
   1127.000000         0.056548        63.729596
   1128.000000         0.056572        63.813216
   1129.000000         0.056597        63.898013
   1130.000000         0.056621        63.981730
   1131.000000         0.056645        64.065495
   1132.000000         0.056669        64.149308
   1133.000000         0.056693        64.233169
   1134.000000         0.056717        64.317078
   1135.000000         0.056741        64.401035
   1136.000000         0.056765        64.485040
   1137.000000         0.056789        64.569093
   1138.000000         0.056813        64.653194
   1139.000000         0.056837        64.737343
   1140.000000         0.056861        64.821540
   1141.000000         0.056885        64.905785
   1142.000000         0.056909        64.990078
   1143.000000         0.056933        65.074419
   1144.000000         0.056957        65.158808
   1145.000000         0.056981        65.243245
   1146.000000         0.057005        65.327730
   1147.000000         0.057029        65.412263
   1148.000000         0.057052        65.495696
   1149.000000         0.057076        65.580324
   1150.000000         0.057100        65.665000
   1151.000000         0.057124        65.749724
   1152.000000         0.057147        65.833344
   1153.000000         0.057171        65.918163
   1154.000000         0.057195        66.003030
   1155.000000         0.057218        66.086790
   1156.000000         0.057242        66.171752
   1157.000000         0.057266        66.256762
   1158.000000         0.057289        66.340662
   1159.000000         0.057313        66.425767
   1160.000000         0.057336        66.509760
   1161.000000         0.057360        66.594960
   1162.000000         0.057384        66.680208
   1163.000000         0.057407        66.764341
   1164.000000         0.057430        66.848520
   1165.000000         0.057454        66.933910
   1166.000000         0.057477        67.018182
   1167.000000         0.057501        67.103667
   1168.000000         0.057524        67.188032
   1169.000000         0.057548        67.273612
   1170.000000         0.057571        67.358070
   1171.000000         0.057594        67.442574
   1172.000000         0.057618        67.528296
   1173.000000         0.057641        67.612893
   1174.000000         0.057664        67.697536
   1175.000000         0.057688        67.783400
   1176.000000         0.057711        67.868136
   1177.000000         0.057734        67.952918
   1178.000000         0.057757        68.037746
   1179.000000         0.057780        68.122620
   1180.000000         0.057804        68.208720
   1181.000000         0.057827        68.293687
   1182.000000         0.057850        68.378700
   1183.000000         0.057873        68.463759
   1184.000000         0.057896        68.548864
   1185.000000         0.057919        68.634015
   1186.000000         0.057942        68.719212
   1187.000000         0.057965        68.804455
   1188.000000         0.057988        68.889744
   1189.000000         0.058011        68.975079
   1190.000000         0.058034        69.060460
   1191.000000         0.058057        69.145887
   1192.000000         0.058080        69.231360
   1193.000000         0.058103        69.316879
   1194.000000         0.058126        69.402444
   1195.000000         0.058149        69.488055
   1196.000000         0.058172        69.573712
   1197.000000         0.058195        69.659415
   1198.000000         0.058217        69.743966
   1199.000000         0.058240        69.829760
   1200.000000         0.058263        69.915600
   1201.000000         0.058286        70.001486
   1202.000000         0.058309        70.087418
   1203.000000         0.058331        70.172193
   1204.000000         0.058354        70.258216
   1205.000000         0.058377        70.344285
   1206.000000         0.058399        70.429194
   1207.000000         0.058422        70.515354
   1208.000000         0.058445        70.601560
   1209.000000         0.058467        70.686603
   1210.000000         0.058490        70.772900
   1211.000000         0.058513        70.859243
   1212.000000         0.058535        70.944420
   1213.000000         0.058558        71.030854
   1214.000000         0.058580        71.116120
   1215.000000         0.058603        71.202645
   1216.000000         0.058625        71.288000
   1217.000000         0.058648        71.374616
   1218.000000         0.058670        71.460060
   1219.000000         0.058693        71.546767
   1220.000000         0.058715        71.632300
   1221.000000         0.058738        71.719098
   1222.000000         0.058760        71.804720
   1223.000000         0.058782        71.890386
   1224.000000         0.058805        71.977320
   1225.000000         0.058827        72.063075
   1226.000000         0.058849        72.148874
   1227.000000         0.058872        72.235944
   1228.000000         0.058894        72.321832
   1229.000000         0.058916        72.407764
   1230.000000         0.058939        72.494970
   1231.000000         0.058961        72.580991
   1232.000000         0.058983        72.667056
   1233.000000         0.059005        72.753165
   1234.000000         0.059027        72.839318
   1235.000000         0.059050        72.926750
   1236.000000         0.059072        73.012992
   1237.000000         0.059094        73.099278
   1238.000000         0.059116        73.185608
   1239.000000         0.059138        73.271982
   1240.000000         0.059160        73.358400
   1241.000000         0.059182        73.444862
   1242.000000         0.059204        73.531368
   1243.000000         0.059226        73.617918
   1244.000000         0.059248        73.704512
   1245.000000         0.059270        73.791150
   1246.000000         0.059292        73.877832
   1247.000000         0.059314        73.964558
   1248.000000         0.059336        74.051328
   1249.000000         0.059358        74.138142
   1250.000000         0.059380        74.225000
   1251.000000         0.059402        74.311902
   1252.000000         0.059424        74.398848
   1253.000000         0.059445        74.484585
   1254.000000         0.059467        74.571618
   1255.000000         0.059489        74.658695
   1256.000000         0.059511        74.745816
   1257.000000         0.059533        74.832981
   1258.000000         0.059555        74.920190
   1259.000000         0.059576        75.006184
   1260.000000         0.059598        75.093480
   1261.000000         0.059620        75.180820
   1262.000000         0.059641        75.266942
   1263.000000         0.059663        75.354369
   1264.000000         0.059685        75.441840
   1265.000000         0.059706        75.528090
   1266.000000         0.059728        75.615648
   1267.000000         0.059750        75.703250
   1268.000000         0.059771        75.789628
   1269.000000         0.059793        75.877317
   1270.000000         0.059814        75.963780
   1271.000000         0.059836        76.051556
   1272.000000         0.059857        76.138104
   1273.000000         0.059879        76.225967
   1274.000000         0.059901        76.313874
   1275.000000         0.059922        76.400550
   1276.000000         0.059943        76.487268
   1277.000000         0.059965        76.575305
   1278.000000         0.059986        76.662108
   1279.000000         0.060008        76.750232
   1280.000000         0.060029        76.837120
   1281.000000         0.060051        76.925331
   1282.000000         0.060072        77.012304
   1283.000000         0.060093        77.099319
   1284.000000         0.060115        77.187660
   1285.000000         0.060136        77.274760
   1286.000000         0.060157        77.361902
   1287.000000         0.060179        77.450373
   1288.000000         0.060200        77.537600
   1289.000000         0.060221        77.624869
   1290.000000         0.060242        77.712180
   1291.000000         0.060263        77.799533
   1292.000000         0.060285        77.888220
   1293.000000         0.060306        77.975658
   1294.000000         0.060327        78.063138
   1295.000000         0.060348        78.150660
   1296.000000         0.060369        78.238224
   1297.000000         0.060390        78.325830
   1298.000000         0.060412        78.414776
   1299.000000         0.060433        78.502467
   1300.000000         0.060454        78.590200
   1301.000000         0.060475        78.677975
   1302.000000         0.060496        78.765792
   1303.000000         0.060517        78.853651
   1304.000000         0.060538        78.941552
   1305.000000         0.060559        79.029495
   1306.000000         0.060580        79.117480
   1307.000000         0.060601        79.205507
   1308.000000         0.060622        79.293576
   1309.000000         0.060643        79.381687
   1310.000000         0.060664        79.469840
   1311.000000         0.060685        79.558035
   1312.000000         0.060705        79.644960
   1313.000000         0.060726        79.733238
   1314.000000         0.060747        79.821558
   1315.000000         0.060768        79.909920
   1316.000000         0.060789        79.998324
   1317.000000         0.060810        80.086770
   1318.000000         0.060830        80.173940
   1319.000000         0.060851        80.262469
   1320.000000         0.060872        80.351040
   1321.000000         0.060893        80.439653
   1322.000000         0.060914        80.528308
   1323.000000         0.060934        80.615682
   1324.000000         0.060955        80.704420
   1325.000000         0.060976        80.793200
   1326.000000         0.060996        80.880696
   1327.000000         0.061017        80.969559
   1328.000000         0.061038        81.058464
   1329.000000         0.061058        81.146082
   1330.000000         0.061079        81.235070
   1331.000000         0.061099        81.322769
   1332.000000         0.061120        81.411840
   1333.000000         0.061141        81.500953
   1334.000000         0.061161        81.588774
   1335.000000         0.061182        81.677970
   1336.000000         0.061202        81.765872
   1337.000000         0.061223        81.855151
   1338.000000         0.061243        81.943134
   1339.000000         0.061264        82.032496
   1340.000000         0.061284        82.120560
   1341.000000         0.061305        82.210005
   1342.000000         0.061325        82.298150
   1343.000000         0.061345        82.386335
   1344.000000         0.061366        82.475904
   1345.000000         0.061386        82.564170
   1346.000000         0.061407        82.653822
   1347.000000         0.061427        82.742169
   1348.000000         0.061447        82.830556
   1349.000000         0.061468        82.920332
   1350.000000         0.061488        83.008800
   1351.000000         0.061508        83.097308
   1352.000000         0.061528        83.185856
   1353.000000         0.061549        83.275797
   1354.000000         0.061569        83.364426
   1355.000000         0.061589        83.453095
   1356.000000         0.061609        83.541804
   1357.000000         0.061630        83.631910
   1358.000000         0.061650        83.720700
   1359.000000         0.061670        83.809530
   1360.000000         0.061690        83.898400
   1361.000000         0.061710        83.987310
   1362.000000         0.061730        84.076260
   1363.000000         0.061751        84.166613
   1364.000000         0.061771        84.255644
   1365.000000         0.061791        84.344715
   1366.000000         0.061811        84.433826
   1367.000000         0.061831        84.522977
   1368.000000         0.061851        84.612168
   1369.000000         0.061871        84.701399
   1370.000000         0.061891        84.790670
   1371.000000         0.061911        84.879981
   1372.000000         0.061931        84.969332
   1373.000000         0.061951        85.058723
   1374.000000         0.061971        85.148154
   1375.000000         0.061991        85.237625
   1376.000000         0.062011        85.327136
   1377.000000         0.062031        85.416687
   1378.000000         0.062051        85.506278
   1379.000000         0.062071        85.595909
   1380.000000         0.062090        85.684200
   1381.000000         0.062110        85.773910
   1382.000000         0.062130        85.863660
   1383.000000         0.062150        85.953450
   1384.000000         0.062170        86.043280
   1385.000000         0.062190        86.133150
   1386.000000         0.062209        86.221674
   1387.000000         0.062229        86.311623
   1388.000000         0.062249        86.401612
   1389.000000         0.062269        86.491641
   1390.000000         0.062288        86.580320
   1391.000000         0.062308        86.670428
   1392.000000         0.062328        86.760576
   1393.000000         0.062348        86.850764
   1394.000000         0.062367        86.939598
   1395.000000         0.062387        87.029865
   1396.000000         0.062407        87.120172
   1397.000000         0.062426        87.209122
   1398.000000         0.062446        87.299508
   1399.000000         0.062465        87.388535
   1400.000000         0.062485        87.479000
   1401.000000         0.062505        87.569505
   1402.000000         0.062524        87.658648
   1403.000000         0.062544        87.749232
   1404.000000         0.062563        87.838452
   1405.000000         0.062583        87.929115
   1406.000000         0.062602        88.018412
   1407.000000         0.062622        88.109154
   1408.000000         0.062641        88.198528
   1409.000000         0.062661        88.289349
   1410.000000         0.062680        88.378800
   1411.000000         0.062700        88.469700
   1412.000000         0.062719        88.559228
   1413.000000         0.062739        88.650207
   1414.000000         0.062758        88.739812
   1415.000000         0.062777        88.829455
   1416.000000         0.062797        88.920552
   1417.000000         0.062816        89.010272
   1418.000000         0.062836        89.101448
   1419.000000         0.062855        89.191245
   1420.000000         0.062874        89.281080
   1421.000000         0.062894        89.372374
   1422.000000         0.062913        89.462286
   1423.000000         0.062932        89.552236
   1424.000000         0.062951        89.642224
   1425.000000         0.062971        89.733675
   1426.000000         0.062990        89.823740
   1427.000000         0.063009        89.913843
   1428.000000         0.063028        90.003984
   1429.000000         0.063048        90.095592
   1430.000000         0.063067        90.185810
   1431.000000         0.063086        90.276066
   1432.000000         0.063105        90.366360
   1433.000000         0.063124        90.456692
   1434.000000         0.063143        90.547062
   1435.000000         0.063163        90.638905
   1436.000000         0.063182        90.729352
   1437.000000         0.063201        90.819837
   1438.000000         0.063220        90.910360
   1439.000000         0.063239        91.000921
   1440.000000         0.063258        91.091520
   1441.000000         0.063277        91.182157
   1442.000000         0.063296        91.272832
   1443.000000         0.063315        91.363545
   1444.000000         0.063334        91.454296
   1445.000000         0.063353        91.545085
   1446.000000         0.063372        91.635912
   1447.000000         0.063391        91.726777
   1448.000000         0.063410        91.817680
   1449.000000         0.063429        91.908621
   1450.000000         0.063448        91.999600
   1451.000000         0.063467        92.090617
   1452.000000         0.063486        92.181672
   1453.000000         0.063505        92.272765
   1454.000000         0.063523        92.362442
   1455.000000         0.063542        92.453610
   1456.000000         0.063561        92.544816
   1457.000000         0.063580        92.636060
   1458.000000         0.063599        92.727342
   1459.000000         0.063618        92.818662
   1460.000000         0.063636        92.908560
   1461.000000         0.063655        92.999955
   1462.000000         0.063674        93.091388
   1463.000000         0.063693        93.182859
   1464.000000         0.063712        93.274368
   1465.000000         0.063730        93.364450
   1466.000000         0.063749        93.456034
   1467.000000         0.063768        93.547656
   1468.000000         0.063786        93.637848
   1469.000000         0.063805        93.729545
   1470.000000         0.063824        93.821280
   1471.000000         0.063843        93.913053
   1472.000000         0.063861        94.003392
   1473.000000         0.063880        94.095240
   1474.000000         0.063898        94.185652
   1475.000000         0.063917        94.277575
   1476.000000         0.063936        94.369536
   1477.000000         0.063954        94.460058
   1478.000000         0.063973        94.552094
   1479.000000         0.063991        94.642689
   1480.000000         0.064010        94.734800
   1481.000000         0.064029        94.826949
   1482.000000         0.064047        94.917654
   1483.000000         0.064066        95.009878
   1484.000000         0.064084        95.100656
   1485.000000         0.064103        95.192955
   1486.000000         0.064121        95.283806
   1487.000000         0.064140        95.376180
   1488.000000         0.064158        95.467104
   1489.000000         0.064176        95.558064
   1490.000000         0.064195        95.650550
   1491.000000         0.064213        95.741583
   1492.000000         0.064232        95.834144
   1493.000000         0.064250        95.925250
   1494.000000         0.064268        96.016392
   1495.000000         0.064287        96.109065
   1496.000000         0.064305        96.200280
   1497.000000         0.064324        96.293028
   1498.000000         0.064342        96.384316
   1499.000000         0.064360        96.475640
   1500.000000         0.064379        96.568500
   1501.000000         0.064397        96.659897
   1502.000000         0.064415        96.751330
   1503.000000         0.064433        96.842799
   1504.000000         0.064452        96.935808
   1505.000000         0.064470        97.027350
   1506.000000         0.064488        97.118928
   1507.000000         0.064506        97.210542
   1508.000000         0.064525        97.303700
   1509.000000         0.064543        97.395387
   1510.000000         0.064561        97.487110
   1511.000000         0.064579        97.578869
   1512.000000         0.064597        97.670664
   1513.000000         0.064615        97.762495
   1514.000000         0.064634        97.855876
   1515.000000         0.064652        97.947780
   1516.000000         0.064670        98.039720
   1517.000000         0.064688        98.131696
   1518.000000         0.064706        98.223708
   1519.000000         0.064724        98.315756
   1520.000000         0.064742        98.407840
   1521.000000         0.064760        98.499960
   1522.000000         0.064778        98.592116
   1523.000000         0.064796        98.684308
   1524.000000         0.064814        98.776536
   1525.000000         0.064832        98.868800
   1526.000000         0.064850        98.961100
   1527.000000         0.064868        99.053436
   1528.000000         0.064886        99.145808
   1529.000000         0.064904        99.238216
   1530.000000         0.064922        99.330660
   1531.000000         0.064940        99.423140
   1532.000000         0.064958        99.515656
   1533.000000         0.064976        99.608208
   1534.000000         0.064994        99.700796
   1535.000000         0.065012        99.793420
   1536.000000         0.065030        99.886080
   1537.000000         0.065048        99.978776
   1538.000000         0.065066       100.071508
   1539.000000         0.065083       100.162737
   1540.000000         0.065101       100.255540
   1541.000000         0.065119       100.348379
   1542.000000         0.065137       100.441254
   1543.000000         0.065155       100.534165
   1544.000000         0.065173       100.627112
   1545.000000         0.065190       100.718550
   1546.000000         0.065208       100.811568
   1547.000000         0.065226       100.904622
   1548.000000         0.065244       100.997712
   1549.000000         0.065261       101.089289
   1550.000000         0.065279       101.182450
   1551.000000         0.065297       101.275647
   1552.000000         0.065314       101.367328
   1553.000000         0.065332       101.460596
   1554.000000         0.065350       101.553900
   1555.000000         0.065368       101.647240
   1556.000000         0.065385       101.739060
   1557.000000         0.065403       101.832471
   1558.000000         0.065420       101.924360
   1559.000000         0.065438       102.017842
   1560.000000         0.065456       102.111360
   1561.000000         0.065473       102.203353
   1562.000000         0.065491       102.296942
   1563.000000         0.065509       102.390567
   1564.000000         0.065526       102.482664
   1565.000000         0.065544       102.576360
   1566.000000         0.065561       102.668526
   1567.000000         0.065579       102.762293
   1568.000000         0.065596       102.854528
   1569.000000         0.065614       102.948366
   1570.000000         0.065631       103.040670
   1571.000000         0.065649       103.134579
   1572.000000         0.065666       103.226952
   1573.000000         0.065684       103.320932
   1574.000000         0.065701       103.413374
   1575.000000         0.065719       103.507425
   1576.000000         0.065736       103.599936
   1577.000000         0.065754       103.694058
   1578.000000         0.065771       103.786638
   1579.000000         0.065788       103.879252
   1580.000000         0.065806       103.973480
   1581.000000         0.065823       104.066163
   1582.000000         0.065841       104.160462
   1583.000000         0.065858       104.253214
   1584.000000         0.065875       104.346000
   1585.000000         0.065893       104.440405
   1586.000000         0.065910       104.533260
   1587.000000         0.065927       104.626149
   1588.000000         0.065945       104.720660
   1589.000000         0.065962       104.813618
   1590.000000         0.065979       104.906610
   1591.000000         0.065996       104.999636
   1592.000000         0.066014       105.094288
   1593.000000         0.066031       105.187383
   1594.000000         0.066048       105.280512
   1595.000000         0.066065       105.373675
   1596.000000         0.066083       105.468468
   1597.000000         0.066100       105.561700
   1598.000000         0.066117       105.654966
   1599.000000         0.066134       105.748266
   1600.000000         0.066151       105.841600
   1601.000000         0.066169       105.936569
   1602.000000         0.066186       106.029972
   1603.000000         0.066203       106.123409
   1604.000000         0.066220       106.216880
   1605.000000         0.066237       106.310385
   1606.000000         0.066254       106.403924
   1607.000000         0.066271       106.497497
   1608.000000         0.066289       106.592712
   1609.000000         0.066306       106.686354
   1610.000000         0.066323       106.780030
   1611.000000         0.066340       106.873740
   1612.000000         0.066357       106.967484
   1613.000000         0.066374       107.061262
   1614.000000         0.066391       107.155074
   1615.000000         0.066408       107.248920
   1616.000000         0.066425       107.342800
   1617.000000         0.066442       107.436714
   1618.000000         0.066459       107.530662
   1619.000000         0.066476       107.624644
   1620.000000         0.066493       107.718660
   1621.000000         0.066510       107.812710
   1622.000000         0.066527       107.906794
   1623.000000         0.066544       108.000912
   1624.000000         0.066561       108.095064
   1625.000000         0.066578       108.189250
   1626.000000         0.066594       108.281844
   1627.000000         0.066611       108.376097
   1628.000000         0.066628       108.470384
   1629.000000         0.066645       108.564705
   1630.000000         0.066662       108.659060
   1631.000000         0.066679       108.753449
   1632.000000         0.066696       108.847872
   1633.000000         0.066713       108.942329
   1634.000000         0.066729       109.035186
   1635.000000         0.066746       109.129710
   1636.000000         0.066763       109.224268
   1637.000000         0.066780       109.318860
   1638.000000         0.066797       109.413486
   1639.000000         0.066813       109.506507
   1640.000000         0.066830       109.601200
   1641.000000         0.066847       109.695927
   1642.000000         0.066864       109.790688
   1643.000000         0.066880       109.883840
   1644.000000         0.066897       109.978668
   1645.000000         0.066914       110.073530
   1646.000000         0.066931       110.168426
   1647.000000         0.066947       110.261709
   1648.000000         0.066964       110.356672
   1649.000000         0.066981       110.451669
   1650.000000         0.066997       110.545050
   1651.000000         0.067014       110.640114
   1652.000000         0.067031       110.735212
   1653.000000         0.067047       110.828691
   1654.000000         0.067064       110.923856
   1655.000000         0.067080       111.017400
   1656.000000         0.067097       111.112632
   1657.000000         0.067114       111.207898
   1658.000000         0.067130       111.301540
   1659.000000         0.067147       111.396873
   1660.000000         0.067163       111.490580
   1661.000000         0.067180       111.585980
   1662.000000         0.067197       111.681414
   1663.000000         0.067213       111.775219
   1664.000000         0.067230       111.870720
   1665.000000         0.067246       111.964590
   1666.000000         0.067263       112.060158
   1667.000000         0.067279       112.154093
   1668.000000         0.067296       112.249728
   1669.000000         0.067312       112.343728
   1670.000000         0.067329       112.439430
   1671.000000         0.067345       112.533495
   1672.000000         0.067361       112.627592
   1673.000000         0.067378       112.723394
   1674.000000         0.067394       112.817556
   1675.000000         0.067411       112.913425
   1676.000000         0.067427       113.007652
   1677.000000         0.067444       113.103588
   1678.000000         0.067460       113.197880
   1679.000000         0.067476       113.292204
   1680.000000         0.067493       113.388240
   1681.000000         0.067509       113.482629
   1682.000000         0.067525       113.577050
   1683.000000         0.067542       113.673186
   1684.000000         0.067558       113.767672
   1685.000000         0.067574       113.862190
   1686.000000         0.067591       113.958426
   1687.000000         0.067607       114.053009
   1688.000000         0.067623       114.147624
   1689.000000         0.067640       114.243960
   1690.000000         0.067656       114.338640
   1691.000000         0.067672       114.433352
   1692.000000         0.067688       114.528096
   1693.000000         0.067705       114.624565
   1694.000000         0.067721       114.719374
   1695.000000         0.067737       114.814215
   1696.000000         0.067753       114.909088
   1697.000000         0.067770       115.005690
   1698.000000         0.067786       115.100628
   1699.000000         0.067802       115.195598
   1700.000000         0.067818       115.290600
   1701.000000         0.067834       115.385634
   1702.000000         0.067851       115.482402
   1703.000000         0.067867       115.577501
   1704.000000         0.067883       115.672632
   1705.000000         0.067899       115.767795
   1706.000000         0.067915       115.862990
   1707.000000         0.067931       115.958217
   1708.000000         0.067947       116.053476
   1709.000000         0.067963       116.148767
   1710.000000         0.067980       116.245800
   1711.000000         0.067996       116.341156
   1712.000000         0.068012       116.436544
   1713.000000         0.068028       116.531964
   1714.000000         0.068044       116.627416
   1715.000000         0.068060       116.722900
   1716.000000         0.068076       116.818416
   1717.000000         0.068092       116.913964
   1718.000000         0.068108       117.009544
   1719.000000         0.068124       117.105156
   1720.000000         0.068140       117.200800
   1721.000000         0.068156       117.296476
   1722.000000         0.068172       117.392184
   1723.000000         0.068188       117.487924
   1724.000000         0.068204       117.583696
   1725.000000         0.068220       117.679500
   1726.000000         0.068236       117.775336
   1727.000000         0.068252       117.871204
   1728.000000         0.068268       117.967104
   1729.000000         0.068283       118.061307
   1730.000000         0.068299       118.157270
   1731.000000         0.068315       118.253265
   1732.000000         0.068331       118.349292
   1733.000000         0.068347       118.445351
   1734.000000         0.068363       118.541442
   1735.000000         0.068379       118.637565
   1736.000000         0.068395       118.733720
   1737.000000         0.068410       118.828170
   1738.000000         0.068426       118.924388
   1739.000000         0.068442       119.020638
   1740.000000         0.068458       119.116920
   1741.000000         0.068474       119.213234
   1742.000000         0.068490       119.309580
   1743.000000         0.068505       119.404215
   1744.000000         0.068521       119.500624
   1745.000000         0.068537       119.597065
   1746.000000         0.068553       119.693538
   1747.000000         0.068568       119.788296
   1748.000000         0.068584       119.884832
   1749.000000         0.068600       119.981400
   1750.000000         0.068616       120.078000
   1751.000000         0.068631       120.172881
   1752.000000         0.068647       120.269544
   1753.000000         0.068663       120.366239
   1754.000000         0.068678       120.461212
   1755.000000         0.068694       120.557970
   1756.000000         0.068710       120.654760
   1757.000000         0.068725       120.749825
   1758.000000         0.068741       120.846678
   1759.000000         0.068757       120.943563
   1760.000000         0.068772       121.038720
   1761.000000         0.068788       121.135668
   1762.000000         0.068804       121.232648
   1763.000000         0.068819       121.327897
   1764.000000         0.068835       121.424940
   1765.000000         0.068850       121.520250
   1766.000000         0.068866       121.617356
   1767.000000         0.068882       121.714494
   1768.000000         0.068897       121.809896
   1769.000000         0.068913       121.907097
   1770.000000         0.068928       122.002560
   1771.000000         0.068944       122.099824
   1772.000000         0.068959       122.195348
   1773.000000         0.068975       122.292675
   1774.000000         0.068990       122.388260
   1775.000000         0.069006       122.485650
   1776.000000         0.069021       122.581296
   1777.000000         0.069037       122.678749
   1778.000000         0.069052       122.774456
   1779.000000         0.069068       122.871972
   1780.000000         0.069083       122.967740
   1781.000000         0.069099       123.065319
   1782.000000         0.069114       123.161148
   1783.000000         0.069130       123.258790
   1784.000000         0.069145       123.354680
   1785.000000         0.069160       123.450600
   1786.000000         0.069176       123.548336
   1787.000000         0.069191       123.644317
   1788.000000         0.069207       123.742116
   1789.000000         0.069222       123.838158
   1790.000000         0.069237       123.934230
   1791.000000         0.069253       124.032123
   1792.000000         0.069268       124.128256
   1793.000000         0.069283       124.224419
   1794.000000         0.069299       124.322406
   1795.000000         0.069314       124.418630
   1796.000000         0.069329       124.514884
   1797.000000         0.069345       124.612965
   1798.000000         0.069360       124.709280
   1799.000000         0.069375       124.805625
   1800.000000         0.069391       124.903800
   1801.000000         0.069406       125.000206
   1802.000000         0.069421       125.096642
   1803.000000         0.069437       125.194911
   1804.000000         0.069452       125.291408
   1805.000000         0.069467       125.387935
   1806.000000         0.069482       125.484492
   1807.000000         0.069498       125.582886
   1808.000000         0.069513       125.679504
   1809.000000         0.069528       125.776152
   1810.000000         0.069543       125.872830
   1811.000000         0.069558       125.969538
   1812.000000         0.069574       126.068088
   1813.000000         0.069589       126.164857
   1814.000000         0.069604       126.261656
   1815.000000         0.069619       126.358485
   1816.000000         0.069634       126.455344
   1817.000000         0.069649       126.552233
   1818.000000         0.069665       126.650970
   1819.000000         0.069680       126.747920
   1820.000000         0.069695       126.844900
   1821.000000         0.069710       126.941910
   1822.000000         0.069725       127.038950
   1823.000000         0.069740       127.136020
   1824.000000         0.069755       127.233120
   1825.000000         0.069770       127.330250
   1826.000000         0.069785       127.427410
   1827.000000         0.069800       127.524600
   1828.000000         0.069816       127.623648
   1829.000000         0.069831       127.720899
   1830.000000         0.069846       127.818180
   1831.000000         0.069861       127.915491
   1832.000000         0.069876       128.012832
   1833.000000         0.069891       128.110203
   1834.000000         0.069906       128.207604
   1835.000000         0.069921       128.305035
   1836.000000         0.069936       128.402496
   1837.000000         0.069951       128.499987
   1838.000000         0.069966       128.597508
   1839.000000         0.069981       128.695059
   1840.000000         0.069996       128.792640
   1841.000000         0.070011       128.890251
   1842.000000         0.070026       128.987892
   1843.000000         0.070040       129.083720
   1844.000000         0.070055       129.181420
   1845.000000         0.070070       129.279150
   1846.000000         0.070085       129.376910
   1847.000000         0.070100       129.474700
   1848.000000         0.070115       129.572520
   1849.000000         0.070130       129.670370
   1850.000000         0.070145       129.768250
   1851.000000         0.070160       129.866160
   1852.000000         0.070175       129.964100
   1853.000000         0.070189       130.060217
   1854.000000         0.070204       130.158216
   1855.000000         0.070219       130.256245
   1856.000000         0.070234       130.354304
   1857.000000         0.070249       130.452393
   1858.000000         0.070264       130.550512
   1859.000000         0.070278       130.646802
   1860.000000         0.070293       130.744980
   1861.000000         0.070308       130.843188
   1862.000000         0.070323       130.941426
   1863.000000         0.070338       131.039694
   1864.000000         0.070352       131.136128
   1865.000000         0.070367       131.234455
   1866.000000         0.070382       131.332812
   1867.000000         0.070397       131.431199
   1868.000000         0.070411       131.527748
   1869.000000         0.070426       131.626194
   1870.000000         0.070441       131.724670
   1871.000000         0.070456       131.823176
   1872.000000         0.070470       131.919840
   1873.000000         0.070485       132.018405
   1874.000000         0.070500       132.117000
   1875.000000         0.070514       132.213750
   1876.000000         0.070529       132.312404
   1877.000000         0.070544       132.411088
   1878.000000         0.070558       132.507924
   1879.000000         0.070573       132.606667
   1880.000000         0.070588       132.705440
   1881.000000         0.070602       132.802362
   1882.000000         0.070617       132.901194
   1883.000000         0.070632       133.000056
   1884.000000         0.070646       133.097064
   1885.000000         0.070661       133.195985
   1886.000000         0.070675       133.293050
   1887.000000         0.070690       133.392030
   1888.000000         0.070705       133.491040
   1889.000000         0.070719       133.588191
   1890.000000         0.070734       133.687260
   1891.000000         0.070748       133.784468
   1892.000000         0.070763       133.883596
   1893.000000         0.070777       133.980861
   1894.000000         0.070792       134.080048
   1895.000000         0.070807       134.179265
   1896.000000         0.070821       134.276616
   1897.000000         0.070836       134.375892
   1898.000000         0.070850       134.473300
   1899.000000         0.070865       134.572635
   1900.000000         0.070879       134.670100
