      1.000000         0.000000         0.000000
      2.000000         0.000000         0.000000
      3.000000         0.000000         0.000000
      4.000000         0.000000         0.000000
      5.000000         0.000000         0.000000
      6.000000         0.000000         0.000000
      7.000000         0.000000         0.000000
      8.000000         0.000000         0.000000
      9.000000         0.000000         0.000000
     10.000000         0.000000         0.000000
     11.000000         0.000000         0.000000
     12.000000         0.000000         0.000000
     13.000000         0.000000         0.000000
     14.000000         0.000001         0.000014
     15.000000         0.000001         0.000015
     16.000000         0.000002         0.000032
     17.000000         0.000003         0.000051
     18.000000         0.000005         0.000090
     19.000000         0.000007         0.000133
     20.000000         0.000009         0.000180
     21.000000         0.000012         0.000252
     22.000000         0.000016         0.000352
     23.000000         0.000020         0.000460
     24.000000         0.000026         0.000624
     25.000000         0.000032         0.000800
     26.000000         0.000039         0.001014
     27.000000         0.000048         0.001296
     28.000000         0.000057         0.001596
     29.000000         0.000068         0.001972
     30.000000         0.000080         0.002400
     31.000000         0.000093         0.002883
     32.000000         0.000107         0.003424
     33.000000         0.000123         0.004059
     34.000000         0.000140         0.004760
     35.000000         0.000159         0.005565
     36.000000         0.000179         0.006444
     37.000000         0.000200         0.007400
     38.000000         0.000223         0.008474
     39.000000         0.000247         0.009633
     40.000000         0.000273         0.010920
     41.000000         0.000300         0.012300
     42.000000         0.000328         0.013776
     43.000000         0.000358         0.015394
     44.000000         0.000390         0.017160
     45.000000         0.000422         0.018990
     46.000000         0.000456         0.020976
     47.000000         0.000492         0.023124
     48.000000         0.000529         0.025392
     49.000000         0.000567         0.027783
     50.000000         0.000607         0.030350
     51.000000         0.000647         0.032997
     52.000000         0.000689         0.035828
     53.000000         0.000733         0.038849
     54.000000         0.000778         0.042012
     55.000000         0.000823         0.045265
     56.000000         0.000871         0.048776
     57.000000         0.000919         0.052383
     58.000000         0.000968         0.056144
     59.000000         0.001019         0.060121
     60.000000         0.001071         0.064260
     61.000000         0.001124         0.068564
     62.000000         0.001178         0.073036
     63.000000         0.001233         0.077679
     64.000000         0.001290         0.082560
     65.000000         0.001347         0.087555
     66.000000         0.001405         0.092730
     67.000000         0.001465         0.098155
     68.000000         0.001525         0.103700
     69.000000         0.001587         0.109503
     70.000000         0.001650         0.115500
     71.000000         0.001713         0.121623
     72.000000         0.001778         0.128016
     73.000000         0.001843         0.134539
     74.000000         0.001909         0.141266
     75.000000         0.001977         0.148275
     76.000000         0.002045         0.155420
     77.000000         0.002114         0.162778
     78.000000         0.002184         0.170352
     79.000000         0.002255         0.178145
     80.000000         0.002326         0.186080
     81.000000         0.002399         0.194319
     82.000000         0.002472         0.202704
     83.000000         0.002546         0.211318
     84.000000         0.002621         0.220164
     85.000000         0.002697         0.229245
     86.000000         0.002773         0.238478
     87.000000         0.002851         0.248037
     88.000000         0.002929         0.257752
     89.000000         0.003007         0.267623
     90.000000         0.003087         0.277830
     91.000000         0.003167         0.288197
     92.000000         0.003247         0.298724
     93.000000         0.003329         0.309597
     94.000000         0.003410         0.320540
     95.000000         0.003493         0.331835
     96.000000         0.003576         0.343296
     97.000000         0.003660         0.355020
     98.000000         0.003744         0.366912
     99.000000         0.003829         0.379071
    100.000000         0.003915         0.391500
    101.000000         0.004001         0.404101
    102.000000         0.004087         0.416874
    103.000000         0.004174         0.429922
    104.000000         0.004262         0.443248
    105.000000         0.004350         0.456750
    106.000000         0.004438         0.470428
    107.000000         0.004527         0.484389
    108.000000         0.004617         0.498636
    109.000000         0.004707         0.513063
    110.000000         0.004797         0.527670
    111.000000         0.004887         0.542457
    112.000000         0.004978         0.557536
    113.000000         0.005070         0.572910
    114.000000         0.005162         0.588468
    115.000000         0.005254         0.604210
    116.000000         0.005346         0.620136
    117.000000         0.005439         0.636363
    118.000000         0.005532         0.652776
    119.000000         0.005625         0.669375
    120.000000         0.005719         0.686280
    121.000000         0.005813         0.703373
    122.000000         0.005907         0.720654
    123.000000         0.006002         0.738246
    124.000000         0.006096         0.755904
    125.000000         0.006191         0.773875
    126.000000         0.006287         0.792162
    127.000000         0.006382         0.810514
    128.000000         0.006478         0.829184
    129.000000         0.006574         0.848046
    130.000000         0.006670         0.867100
    131.000000         0.006766         0.886346
    132.000000         0.006862         0.905784
    133.000000         0.006959         0.925547
    134.000000         0.007055         0.945370
    135.000000         0.007152         0.965520
    136.000000         0.007249         0.985864
    137.000000         0.007346         1.006402
    138.000000         0.007443         1.027134
    139.000000         0.007541         1.048199
    140.000000         0.007638         1.069320
    141.000000         0.007736         1.090776
    142.000000         0.007833         1.112286
    143.000000         0.007931         1.134133
    144.000000         0.008029         1.156176
    145.000000         0.008126         1.178270
    146.000000         0.008224         1.200704
    147.000000         0.008322         1.223334
    148.000000         0.008420         1.246160
    149.000000         0.008518         1.269182
    150.000000         0.008616         1.292400
    151.000000         0.008714         1.315814
    152.000000         0.008812         1.339424
    153.000000         0.008910         1.363230
    154.000000         0.009008         1.387232
    155.000000         0.009107         1.411585
    156.000000         0.009205         1.435980
    157.000000         0.009303         1.460571
    158.000000         0.009401         1.485358
    159.000000         0.009499         1.510341
    160.000000         0.009597         1.535520
    161.000000         0.009695         1.560895
    162.000000         0.009793         1.586466
    163.000000         0.009891         1.612233
    164.000000         0.009988         1.638032
    165.000000         0.010086         1.664190
    166.000000         0.010184         1.690544
    167.000000         0.010282         1.717094
    168.000000         0.010379         1.743672
    169.000000         0.010477         1.770613
    170.000000         0.010574         1.797580
    171.000000         0.010672         1.824912
    172.000000         0.010769         1.852268
    173.000000         0.010866         1.879818
    174.000000         0.010963         1.907562
    175.000000         0.011060         1.935500
    176.000000         0.011157         1.963632
    177.000000         0.011254         1.991958
    178.000000         0.011351         2.020478
    179.000000         0.011448         2.049192
    180.000000         0.011544         2.077920
    181.000000         0.011641         2.107021
    182.000000         0.011737         2.136134
    183.000000         0.011833         2.165439
    184.000000         0.011929         2.194936
    185.000000         0.012025         2.224625
    186.000000         0.012121         2.254506
    187.000000         0.012217         2.284579
    188.000000         0.012313         2.314844
    189.000000         0.012408         2.345112
    190.000000         0.012504         2.375760
    191.000000         0.012599         2.406409
    192.000000         0.012694         2.437248
    193.000000         0.012789         2.468277
    194.000000         0.012884         2.499496
    195.000000         0.012978         2.530710
    196.000000         0.013073         2.562308
    197.000000         0.013167         2.593899
    198.000000         0.013262         2.625876
    199.000000         0.013356         2.657844
    200.000000         0.013450         2.690000
    201.000000         0.013543         2.722143
    202.000000         0.013637         2.754674
    203.000000         0.013731         2.787393
    204.000000         0.013824         2.820096
    205.000000         0.013917         2.852985
    206.000000         0.014010         2.886060
    207.000000         0.014103         2.919321
    208.000000         0.014196         2.952768
    209.000000         0.014288         2.986192
    210.000000         0.014381         3.020010
    211.000000         0.014473         3.053803
    212.000000         0.014565         3.087780
    213.000000         0.014657         3.121941
    214.000000         0.014748         3.156072
    215.000000         0.014840         3.190600
    216.000000         0.014931         3.225096
    217.000000         0.015023         3.259991
    218.000000         0.015114         3.294852
    219.000000         0.015205         3.329895
    220.000000         0.015295         3.364900
    221.000000         0.015386         3.400306
    222.000000         0.015476         3.435672
    223.000000         0.015566         3.471218
    224.000000         0.015656         3.506944
    225.000000         0.015746         3.542850
    226.000000         0.015836         3.578936
    227.000000         0.015925         3.614975
    228.000000         0.016015         3.651420
    229.000000         0.016104         3.687816
    230.000000         0.016193         3.724390
    231.000000         0.016281         3.760911
    232.000000         0.016370         3.797840
    233.000000         0.016458         3.834714
    234.000000         0.016547         3.871998
    235.000000         0.016635         3.909225
    236.000000         0.016723         3.946628
    237.000000         0.016810         3.983970
    238.000000         0.016898         4.021724
    239.000000         0.016985         4.059415
    240.000000         0.017072         4.097280
    241.000000         0.017159         4.135319
    242.000000         0.017246         4.173532
    243.000000         0.017333         4.211919
    244.000000         0.017419         4.250236
    245.000000         0.017505         4.288725
    246.000000         0.017591         4.327386
    247.000000         0.017677         4.366219
    248.000000         0.017763         4.405224
    249.000000         0.017848         4.444152
    250.000000         0.017934         4.483500
    251.000000         0.018019         4.522769
    252.000000         0.018104         4.562208
    253.000000         0.018189         4.601817
    254.000000         0.018273         4.641342
    255.000000         0.018358         4.681290
    256.000000         0.018442         4.721152
    257.000000         0.018526         4.761182
    258.000000         0.018610         4.801380
    259.000000         0.018694         4.841746
    260.000000         0.018777         4.882020
    261.000000         0.018861         4.922721
    262.000000         0.018944         4.963328
    263.000000         0.019027         5.004101
    264.000000         0.019110         5.045040
    265.000000         0.019192         5.085880
    266.000000         0.019275         5.127150
    267.000000         0.019357         5.168319
    268.000000         0.019439         5.209652
    269.000000         0.019521         5.251149
    270.000000         0.019603         5.292810
    271.000000         0.019684         5.334364
    272.000000         0.019766         5.376352
    273.000000         0.019847         5.418231
    274.000000         0.019928         5.460272
    275.000000         0.020009         5.502475
    276.000000         0.020089         5.544564
    277.000000         0.020170         5.587090
    278.000000         0.020250         5.629500
    279.000000         0.020330         5.672070
    280.000000         0.020410         5.714800
    281.000000         0.020490         5.757690
    282.000000         0.020570         5.800740
    283.000000         0.020649         5.843667
    284.000000         0.020728         5.886752
    285.000000         0.020807         5.929995
    286.000000         0.020886         5.973396
    287.000000         0.020965         6.016955
    288.000000         0.021044         6.060672
    289.000000         0.021122         6.104258
    290.000000         0.021200         6.148000
    291.000000         0.021278         6.191898
    292.000000         0.021356         6.235952
    293.000000         0.021434         6.280162
    294.000000         0.021511         6.324234
    295.000000         0.021589         6.368755
    296.000000         0.021666         6.413136
    297.000000         0.021743         6.457671
    298.000000         0.021820         6.502360
    299.000000         0.021896         6.546904
    300.000000         0.021973         6.591900
    301.000000         0.022049         6.636749
    302.000000         0.022125         6.681750
    303.000000         0.022201         6.726903
    304.000000         0.022277         6.772208
    305.000000         0.022353         6.817665
    306.000000         0.022428         6.862968
    307.000000         0.022504         6.908728
    308.000000         0.022579         6.954332
    309.000000         0.022654         7.000086
    310.000000         0.022729         7.045990
    311.000000         0.022803         7.091733
    312.000000         0.022878         7.137936
    313.000000         0.022952         7.183976
    314.000000         0.023026         7.230164
    315.000000         0.023101         7.276815
    316.000000         0.023174         7.322984
    317.000000         0.023248         7.369616
    318.000000         0.023322         7.416396
    319.000000         0.023395         7.463005
    320.000000         0.023468         7.509760
    321.000000         0.023541         7.556661
    322.000000         0.023614         7.603708
    323.000000         0.023687         7.650901
    324.000000         0.023760         7.698240
    325.000000         0.023832         7.745400
    326.000000         0.023904         7.792704
    327.000000         0.023976         7.840152
    328.000000         0.024048         7.887744
    329.000000         0.024120         7.935480
    330.000000         0.024192         7.983360
    331.000000         0.024263         8.031053
    332.000000         0.024335         8.079220
    333.000000         0.024406         8.127198
    334.000000         0.024477         8.175318
    335.000000         0.024548         8.223580
    336.000000         0.024618         8.271648
    337.000000         0.024689         8.320193
    338.000000         0.024759         8.368542
    339.000000         0.024830         8.417370
    340.000000         0.024900         8.466000
    341.000000         0.024970         8.514770
    342.000000         0.025040         8.563680
    343.000000         0.025109         8.612387
    344.000000         0.025179         8.661576
    345.000000         0.025248         8.710560
    346.000000         0.025317         8.759682
    347.000000         0.025386         8.808942
    348.000000         0.025455         8.858340
    349.000000         0.025524         8.907876
    350.000000         0.025593         8.957550
    351.000000         0.025661         9.007011
    352.000000         0.025730         9.056960
    353.000000         0.025798         9.106694
    354.000000         0.025866         9.156564
    355.000000         0.025934         9.206570
    356.000000         0.026001         9.256356
    357.000000         0.026069         9.306633
    358.000000         0.026137         9.357046
    359.000000         0.026204         9.407236
    360.000000         0.026271         9.457560
    361.000000         0.026338         9.508018
    362.000000         0.026405         9.558610
    363.000000         0.026472         9.609336
    364.000000         0.026538         9.659832
    365.000000         0.026605         9.710825
    366.000000         0.026671         9.761586
    367.000000         0.026738         9.812846
    368.000000         0.026804         9.863872
    369.000000         0.026870         9.915030
    370.000000         0.026935         9.965950
    371.000000         0.027001        10.017371
    372.000000         0.027067        10.068924
    373.000000         0.027132        10.120236
    374.000000         0.027197        10.171678
    375.000000         0.027262        10.223250
    376.000000         0.027327        10.274952
    377.000000         0.027392        10.326784
    378.000000         0.027457        10.378746
    379.000000         0.027522        10.430838
    380.000000         0.027586        10.482680
    381.000000         0.027650        10.534650
    382.000000         0.027715        10.587130
    383.000000         0.027779        10.639357
    384.000000         0.027842        10.691328
    385.000000         0.027906        10.743810
    386.000000         0.027970        10.796420
    387.000000         0.028034        10.849158
    388.000000         0.028097        10.901636
    389.000000         0.028160        10.954240
    390.000000         0.028223        11.006970
    391.000000         0.028286        11.059826
    392.000000         0.028349        11.112808
    393.000000         0.028412        11.165916
    394.000000         0.028475        11.219150
    395.000000         0.028537        11.272115
    396.000000         0.028600        11.325600
    397.000000         0.028662        11.378814
    398.000000         0.028724        11.432152
    399.000000         0.028786        11.485614
    400.000000         0.028848        11.539200
    401.000000         0.028910        11.592910
    402.000000         0.028971        11.646342
    403.000000         0.029033        11.700299
    404.000000         0.029094        11.753976
    405.000000         0.029156        11.808180
    406.000000         0.029217        11.862102
    407.000000         0.029278        11.916146
    408.000000         0.029339        11.970312
    409.000000         0.029399        12.024191
    410.000000         0.029460        12.078600
    411.000000         0.029521        12.133131
    412.000000         0.029581        12.187372
    413.000000         0.029641        12.241733
    414.000000         0.029702        12.296628
    415.000000         0.029762        12.351230
    416.000000         0.029822        12.405952
    417.000000         0.029882        12.460794
    418.000000         0.029941        12.515338
    419.000000         0.030001        12.570419
    420.000000         0.030060        12.625200
    421.000000         0.030120        12.680520
    422.000000         0.030179        12.735538
    423.000000         0.030238        12.790674
    424.000000         0.030297        12.845928
    425.000000         0.030356        12.901300
    426.000000         0.030415        12.956790
    427.000000         0.030474        13.012398
    428.000000         0.030532        13.067696
    429.000000         0.030591        13.123539
    430.000000         0.030649        13.179070
    431.000000         0.030707        13.234717
    432.000000         0.030765        13.290480
    433.000000         0.030823        13.346359
    434.000000         0.030881        13.402354
    435.000000         0.030939        13.458465
    436.000000         0.030997        13.514692
    437.000000         0.031054        13.570598
    438.000000         0.031112        13.627056
    439.000000         0.031169        13.683191
    440.000000         0.031226        13.739440
    441.000000         0.031284        13.796244
    442.000000         0.031341        13.852722
    443.000000         0.031398        13.909314
    444.000000         0.031454        13.965576
    445.000000         0.031511        14.022395
    446.000000         0.031568        14.079328
    447.000000         0.031624        14.135928
    448.000000         0.031681        14.193088
    449.000000         0.031737        14.249913
    450.000000         0.031793        14.306850
    451.000000         0.031849        14.363899
    452.000000         0.031905        14.421060
    453.000000         0.031961        14.478333
    454.000000         0.032017        14.535718
    455.000000         0.032072        14.592760
    456.000000         0.032128        14.650368
    457.000000         0.032183        14.707631
    458.000000         0.032239        14.765462
    459.000000         0.032294        14.822946
    460.000000         0.032349        14.880540
    461.000000         0.032404        14.938244
    462.000000         0.032459        14.996058
    463.000000         0.032514        15.053982
    464.000000         0.032569        15.112016
    465.000000         0.032623        15.169695
    466.000000         0.032678        15.227948
    467.000000         0.032732        15.285844
    468.000000         0.032787        15.344316
    469.000000         0.032841        15.402429
    470.000000         0.032895        15.460650
    471.000000         0.032949        15.518979
    472.000000         0.033003        15.577416
    473.000000         0.033057        15.635961
    474.000000         0.033111        15.694614
    475.000000         0.033164        15.752900
    476.000000         0.033218        15.811768
    477.000000         0.033271        15.870267
    478.000000         0.033325        15.929350
    479.000000         0.033378        15.988062
    480.000000         0.033431        16.046880
    481.000000         0.033484        16.105804
    482.000000         0.033537        16.164834
    483.000000         0.033590        16.223970
    484.000000         0.033643        16.283212
    485.000000         0.033696        16.342560
    486.000000         0.033748        16.401528
    487.000000         0.033801        16.461087
    488.000000         0.033853        16.520264
    489.000000         0.033906        16.580034
    490.000000         0.033958        16.639420
    491.000000         0.034010        16.698910
    492.000000         0.034062        16.758504
    493.000000         0.034114        16.818202
    494.000000         0.034166        16.878004
    495.000000         0.034218        16.937910
    496.000000         0.034269        16.997424
    497.000000         0.034321        17.057537
    498.000000         0.034372        17.117256
    499.000000         0.034424        17.177576
    500.000000         0.034475        17.237500
    501.000000         0.034526        17.297526
    502.000000         0.034578        17.358156
    503.000000         0.034629        17.418387
    504.000000         0.034680        17.478720
    505.000000         0.034731        17.539155
    506.000000         0.034781        17.599186
    507.000000         0.034832        17.659824
    508.000000         0.034883        17.720564
    509.000000         0.034933        17.780897
    510.000000         0.034984        17.841840
    511.000000         0.035034        17.902374
    512.000000         0.035084        17.963008
    513.000000         0.035135        18.024255
    514.000000         0.035185        18.085090
    515.000000         0.035235        18.146025
    516.000000         0.035285        18.207060
    517.000000         0.035335        18.268195
    518.000000         0.035384        18.328912
    519.000000         0.035434        18.390246
    520.000000         0.035484        18.451680
    521.000000         0.035533        18.512693
    522.000000         0.035583        18.574326
    523.000000         0.035632        18.635536
    524.000000         0.035681        18.696844
    525.000000         0.035730        18.758250
    526.000000         0.035779        18.819754
    527.000000         0.035828        18.881356
    528.000000         0.035877        18.943056
    529.000000         0.035926        19.004854
    530.000000         0.035975        19.066750
    531.000000         0.036024        19.128744
    532.000000         0.036072        19.190304
    533.000000         0.036121        19.252493
    534.000000         0.036169        19.314246
    535.000000         0.036218        19.376630
    536.000000         0.036266        19.438576
    537.000000         0.036314        19.500618
    538.000000         0.036362        19.562756
    539.000000         0.036410        19.624990
    540.000000         0.036458        19.687320
    541.000000         0.036506        19.749746
    542.000000         0.036554        19.812268
    543.000000         0.036602        19.874886
    544.000000         0.036649        19.937056
    545.000000         0.036697        19.999865
    546.000000         0.036745        20.062770
    547.000000         0.036792        20.125224
    548.000000         0.036839        20.187772
    549.000000         0.036887        20.250963
    550.000000         0.036934        20.313700
    551.000000         0.036981        20.376531
    552.000000         0.037028        20.439456
    553.000000         0.037075        20.502475
    554.000000         0.037122        20.565588
    555.000000         0.037169        20.628795
    556.000000         0.037215        20.691540
    557.000000         0.037262        20.754934
    558.000000         0.037309        20.818422
    559.000000         0.037355        20.881445
    560.000000         0.037402        20.945120
    561.000000         0.037448        21.008328
    562.000000         0.037494        21.071628
    563.000000         0.037541        21.135583
    564.000000         0.037587        21.199068
    565.000000         0.037633        21.262645
    566.000000         0.037679        21.326314
    567.000000         0.037725        21.390075
    568.000000         0.037771        21.453928
    569.000000         0.037816        21.517304
    570.000000         0.037862        21.581340
    571.000000         0.037908        21.645468
    572.000000         0.037953        21.709116
    573.000000         0.037999        21.773427
    574.000000         0.038044        21.837256
    575.000000         0.038089        21.901175
    576.000000         0.038135        21.965760
    577.000000         0.038180        22.029860
    578.000000         0.038225        22.094050
    579.000000         0.038270        22.158330
    580.000000         0.038315        22.222700
    581.000000         0.038360        22.287160
    582.000000         0.038405        22.351710
    583.000000         0.038450        22.416350
    584.000000         0.038494        22.480496
    585.000000         0.038539        22.545315
    586.000000         0.038584        22.610224
    587.000000         0.038628        22.674636
    588.000000         0.038673        22.739724
    589.000000         0.038717        22.804313
    590.000000         0.038761        22.868990
    591.000000         0.038806        22.934346
    592.000000         0.038850        22.999200
    593.000000         0.038894        23.064142
    594.000000         0.038938        23.129172
    595.000000         0.038982        23.194290
    596.000000         0.039026        23.259496
    597.000000         0.039070        23.324790
    598.000000         0.039113        23.389574
    599.000000         0.039157        23.455043
    600.000000         0.039201        23.520600
    601.000000         0.039244        23.585644
    602.000000         0.039288        23.651376
    603.000000         0.039331        23.716593
    604.000000         0.039375        23.782500
    605.000000         0.039418        23.847890
    606.000000         0.039461        23.913366
    607.000000         0.039504        23.978928
    608.000000         0.039547        24.044576
    609.000000         0.039591        24.110919
    610.000000         0.039634        24.176740
    611.000000         0.039676        24.242036
    612.000000         0.039719        24.308028
    613.000000         0.039762        24.374106
    614.000000         0.039805        24.440270
    615.000000         0.039848        24.506520
    616.000000         0.039890        24.572240
    617.000000         0.039933        24.638661
    618.000000         0.039975        24.704550
    619.000000         0.040018        24.771142
    620.000000         0.040060        24.837200
    621.000000         0.040102        24.903342
    622.000000         0.040144        24.969568
    623.000000         0.040187        25.036501
    624.000000         0.040229        25.102896
    625.000000         0.040271        25.169375
    626.000000         0.040313        25.235938
    627.000000         0.040355        25.302585
    628.000000         0.040396        25.368688
    629.000000         0.040438        25.435502
    630.000000         0.040480        25.502400
    631.000000         0.040522        25.569382
    632.000000         0.040563        25.635816
    633.000000         0.040605        25.702965
    634.000000         0.040646        25.769564
    635.000000         0.040688        25.836880
    636.000000         0.040729        25.903644
    637.000000         0.040770        25.970490
    638.000000         0.040812        26.038056
    639.000000         0.040853        26.105067
    640.000000         0.040894        26.172160
    641.000000         0.040935        26.239335
    642.000000         0.040976        26.306592
    643.000000         0.041017        26.373931
    644.000000         0.041058        26.441352
    645.000000         0.041099        26.508855
    646.000000         0.041140        26.576440
    647.000000         0.041180        26.643460
    648.000000         0.041221        26.711208
    649.000000         0.041262        26.779038
    650.000000         0.041302        26.846300
    651.000000         0.041343        26.914293
    652.000000         0.041383        26.981716
    653.000000         0.041424        27.049872
    654.000000         0.041464        27.117456
    655.000000         0.041504        27.185120
    656.000000         0.041544        27.252864
    657.000000         0.041584        27.320688
    658.000000         0.041625        27.389250
    659.000000         0.041665        27.457235
    660.000000         0.041705        27.525300
    661.000000         0.041745        27.593445
    662.000000         0.041784        27.661008
    663.000000         0.041824        27.729312
    664.000000         0.041864        27.797696
    665.000000         0.041904        27.866160
    666.000000         0.041943        27.934038
    667.000000         0.041983        28.002661
    668.000000         0.042022        28.070696
    669.000000         0.042062        28.139478
    670.000000         0.042101        28.207670
    671.000000         0.042141        28.276611
    672.000000         0.042180        28.344960
    673.000000         0.042219        28.413387
    674.000000         0.042259        28.482566
    675.000000         0.042298        28.551150
    676.000000         0.042337        28.619812
    677.000000         0.042376        28.688552
    678.000000         0.042415        28.757370
    679.000000         0.042454        28.826266
    680.000000         0.042493        28.895240
    681.000000         0.042532        28.964292
    682.000000         0.042570        29.032740
    683.000000         0.042609        29.101947
    684.000000         0.042648        29.171232
    685.000000         0.042686        29.239910
    686.000000         0.042725        29.309350
    687.000000         0.042764        29.378868
    688.000000         0.042802        29.447776
    689.000000         0.042840        29.516760
    690.000000         0.042879        29.586510
    691.000000         0.042917        29.655647
    692.000000         0.042955        29.724860
    693.000000         0.042994        29.794842
    694.000000         0.043032        29.864208
    695.000000         0.043070        29.933650
    696.000000         0.043108        30.003168
    697.000000         0.043146        30.072762
    698.000000         0.043184        30.142432
    699.000000         0.043222        30.212178
    700.000000         0.043260        30.282000
    701.000000         0.043297        30.351197
    702.000000         0.043335        30.421170
    703.000000         0.043373        30.491219
    704.000000         0.043411        30.561344
    705.000000         0.043448        30.630840
    706.000000         0.043486        30.701116
    707.000000         0.043523        30.770761
    708.000000         0.043561        30.841188
    709.000000         0.043598        30.910982
    710.000000         0.043636        30.981560
    711.000000         0.043673        31.051503
    712.000000         0.043710        31.121520
    713.000000         0.043747        31.191611
    714.000000         0.043784        31.261776
    715.000000         0.043822        31.332730
    716.000000         0.043859        31.403044
    717.000000         0.043896        31.473432
    718.000000         0.043933        31.543894
    719.000000         0.043970        31.614430
    720.000000         0.044006        31.684320
    721.000000         0.044043        31.755003
    722.000000         0.044080        31.825760
    723.000000         0.044117        31.896591
    724.000000         0.044153        31.966772
    725.000000         0.044190        32.037750
    726.000000         0.044227        32.108802
    727.000000         0.044263        32.179201
    728.000000         0.044300        32.250400
    729.000000         0.044336        32.320944
    730.000000         0.044373        32.392290
    731.000000         0.044409        32.462979
    732.000000         0.044445        32.533740
    733.000000         0.044482        32.605306
    734.000000         0.044518        32.676212
    735.000000         0.044554        32.747190
    736.000000         0.044590        32.818240
    737.000000         0.044626        32.889362
    738.000000         0.044662        32.960556
    739.000000         0.044698        33.031822
    740.000000         0.044734        33.103160
    741.000000         0.044770        33.174570
    742.000000         0.044806        33.246052
    743.000000         0.044842        33.317606
    744.000000         0.044877        33.388488
    745.000000         0.044913        33.460185
    746.000000         0.044949        33.531954
    747.000000         0.044984        33.603048
    748.000000         0.045020        33.674960
    749.000000         0.045055        33.746195
    750.000000         0.045091        33.818250
    751.000000         0.045126        33.889626
    752.000000         0.045162        33.961824
    753.000000         0.045197        34.033341
    754.000000         0.045232        34.104928
    755.000000         0.045268        34.177340
    756.000000         0.045303        34.249068
    757.000000         0.045338        34.320866
    758.000000         0.045373        34.392734
    759.000000         0.045408        34.464672
    760.000000         0.045443        34.536680
    761.000000         0.045478        34.608758
    762.000000         0.045513        34.680906
    763.000000         0.045548        34.753124
    764.000000         0.045583        34.825412
    765.000000         0.045618        34.897770
    766.000000         0.045653        34.970198
    767.000000         0.045688        35.042696
    768.000000         0.045722        35.114496
    769.000000         0.045757        35.187133
    770.000000         0.045791        35.259070
    771.000000         0.045826        35.331846
    772.000000         0.045861        35.404692
    773.000000         0.045895        35.476835
    774.000000         0.045930        35.549820
    775.000000         0.045964        35.622100
    776.000000         0.045998        35.694448
    777.000000         0.046033        35.767641
    778.000000         0.046067        35.840126
    779.000000         0.046101        35.912679
    780.000000         0.046135        35.985300
    781.000000         0.046170        36.058770
    782.000000         0.046204        36.131528
    783.000000         0.046238        36.204354
    784.000000         0.046272        36.277248
    785.000000         0.046306        36.350210
    786.000000         0.046340        36.423240
    787.000000         0.046374        36.496338
    788.000000         0.046407        36.568716
    789.000000         0.046441        36.641949
    790.000000         0.046475        36.715250
    791.000000         0.046509        36.788619
    792.000000         0.046543        36.862056
    793.000000         0.046576        36.934768
    794.000000         0.046610        37.008340
    795.000000         0.046643        37.081185
    796.000000         0.046677        37.154892
    797.000000         0.046710        37.227870
    798.000000         0.046744        37.301712
    799.000000         0.046777        37.374823
    800.000000         0.046811        37.448800
    801.000000         0.046844        37.522044
    802.000000         0.046877        37.595354
    803.000000         0.046911        37.669533
    804.000000         0.046944        37.742976
    805.000000         0.046977        37.816485
    806.000000         0.047010        37.890060
    807.000000         0.047043        37.963701
    808.000000         0.047076        38.037408
    809.000000         0.047109        38.111181
    810.000000         0.047142        38.185020
    811.000000         0.047175        38.258925
    812.000000         0.047208        38.332896
    813.000000         0.047241        38.406933
    814.000000         0.047274        38.481036
    815.000000         0.047307        38.555205
    816.000000         0.047340        38.629440
    817.000000         0.047372        38.702924
    818.000000         0.047405        38.777290
    819.000000         0.047438        38.851722
    820.000000         0.047470        38.925400
    821.000000         0.047503        38.999963
    822.000000         0.047535        39.073770
    823.000000         0.047568        39.148464
    824.000000         0.047600        39.222400
    825.000000         0.047633        39.297225
    826.000000         0.047665        39.371290
    827.000000         0.047698        39.446246
    828.000000         0.047730        39.520440
    829.000000         0.047762        39.594698
    830.000000         0.047794        39.669020
    831.000000         0.047827        39.744237
    832.000000         0.047859        39.818688
    833.000000         0.047891        39.893203
    834.000000         0.047923        39.967782
    835.000000         0.047955        40.042425
    836.000000         0.047987        40.117132
    837.000000         0.048019        40.191903
    838.000000         0.048051        40.266738
    839.000000         0.048083        40.341637
    840.000000         0.048115        40.416600
    841.000000         0.048147        40.491627
    842.000000         0.048178        40.565876
    843.000000         0.048210        40.641030
    844.000000         0.048242        40.716248
    845.000000         0.048274        40.791530
    846.000000         0.048305        40.866030
    847.000000         0.048337        40.941439
    848.000000         0.048368        41.016064
    849.000000         0.048400        41.091600
    850.000000         0.048432        41.167200
    851.000000         0.048463        41.242013
    852.000000         0.048494        41.316888
    853.000000         0.048526        41.392678
    854.000000         0.048557        41.467678
    855.000000         0.048589        41.543595
    856.000000         0.048620        41.618720
    857.000000         0.048651        41.693907
    858.000000         0.048682        41.769156
    859.000000         0.048714        41.845326
    860.000000         0.048745        41.920700
    861.000000         0.048776        41.996136
    862.000000         0.048807        42.071634
    863.000000         0.048838        42.147194
    864.000000         0.048869        42.222816
    865.000000         0.048900        42.298500
    866.000000         0.048931        42.374246
    867.000000         0.048962        42.450054
    868.000000         0.048993        42.525924
    869.000000         0.049024        42.601856
    870.000000         0.049055        42.677850
    871.000000         0.049085        42.753035
    872.000000         0.049116        42.829152
    873.000000         0.049147        42.905331
    874.000000         0.049178        42.981572
    875.000000         0.049208        43.057000
    876.000000         0.049239        43.133364
    877.000000         0.049269        43.208913
    878.000000         0.049300        43.285400
    879.000000         0.049330        43.361070
    880.000000         0.049361        43.437680
    881.000000         0.049391        43.513471
    882.000000         0.049422        43.590204
    883.000000         0.049452        43.666116
    884.000000         0.049483        43.742972
    885.000000         0.049513        43.819005
    886.000000         0.049543        43.895098
    887.000000         0.049573        43.971251
    888.000000         0.049604        44.048352
    889.000000         0.049634        44.124626
    890.000000         0.049664        44.200960
    891.000000         0.049694        44.277354
    892.000000         0.049724        44.353808
    893.000000         0.049754        44.430322
    894.000000         0.049784        44.506896
    895.000000         0.049814        44.583530
    896.000000         0.049844        44.660224
    897.000000         0.049874        44.736978
    898.000000         0.049904        44.813792
    899.000000         0.049934        44.890666
    900.000000         0.049964        44.967600
    901.000000         0.049994        45.044594
    902.000000         0.050023        45.120746
    903.000000         0.050053        45.197859
    904.000000         0.050083        45.275032
    905.000000         0.050113        45.352265
    906.000000         0.050142        45.428652
    907.000000         0.050172        45.506004
    908.000000         0.050201        45.582508
    909.000000         0.050231        45.659979
    910.000000         0.050261        45.737510
    911.000000         0.050290        45.814190
    912.000000         0.050319        45.890928
    913.000000         0.050349        45.968637
    914.000000         0.050378        46.045492
    915.000000         0.050408        46.123320
    916.000000         0.050437        46.200292
    917.000000         0.050466        46.277322
    918.000000         0.050496        46.355328
    919.000000         0.050525        46.432475
    920.000000         0.050554        46.509680
    921.000000         0.050583        46.586943
    922.000000         0.050612        46.664264
    923.000000         0.050642        46.742566
    924.000000         0.050671        46.820004
    925.000000         0.050700        46.897500
    926.000000         0.050729        46.975054
    927.000000         0.050758        47.052666
    928.000000         0.050787        47.130336
    929.000000         0.050816        47.208064
    930.000000         0.050845        47.285850
    931.000000         0.050873        47.362763
    932.000000         0.050902        47.440664
    933.000000         0.050931        47.518623
    934.000000         0.050960        47.596640
    935.000000         0.050989        47.674715
    936.000000         0.051017        47.751912
    937.000000         0.051046        47.830102
    938.000000         0.051075        47.908350
    939.000000         0.051103        47.985717
    940.000000         0.051132        48.064080
    941.000000         0.051161        48.142501
    942.000000         0.051189        48.220038
    943.000000         0.051218        48.298574
    944.000000         0.051246        48.376224
    945.000000         0.051275        48.454875
    946.000000         0.051303        48.532638
    947.000000         0.051332        48.611404
    948.000000         0.051360        48.689280
    949.000000         0.051388        48.767212
    950.000000         0.051417        48.846150
    951.000000         0.051445        48.924195
    952.000000         0.051473        49.002296
    953.000000         0.051501        49.080453
    954.000000         0.051530        49.159620
    955.000000         0.051558        49.237890
    956.000000         0.051586        49.316216
    957.000000         0.051614        49.394598
    958.000000         0.051642        49.473036
    959.000000         0.051670        49.551530
    960.000000         0.051698        49.630080
    961.000000         0.051726        49.708686
    962.000000         0.051754        49.787348
    963.000000         0.051782        49.866066
    964.000000         0.051810        49.944840
    965.000000         0.051838        50.023670
    966.000000         0.051866        50.102556
    967.000000         0.051894        50.181498
    968.000000         0.051922        50.260496
    969.000000         0.051949        50.338581
    970.000000         0.051977        50.417690
    971.000000         0.052005        50.496855
    972.000000         0.052033        50.576076
    973.000000         0.052060        50.654380
    974.000000         0.052088        50.733712
    975.000000         0.052116        50.813100
    976.000000         0.052143        50.891568
    977.000000         0.052171        50.971067
    978.000000         0.052198        51.049644
    979.000000         0.052226        51.129254
    980.000000         0.052253        51.207940
    981.000000         0.052281        51.287661
    982.000000         0.052308        51.366456
    983.000000         0.052336        51.446288
    984.000000         0.052363        51.525192
    985.000000         0.052390        51.604150
    986.000000         0.052418        51.684148
    987.000000         0.052445        51.763215
    988.000000         0.052472        51.842336
    989.000000         0.052500        51.922500
    990.000000         0.052527        52.001730
    991.000000         0.052554        52.081014
    992.000000         0.052581        52.160352
    993.000000         0.052608        52.239744
    994.000000         0.052635        52.319190
    995.000000         0.052663        52.399685
    996.000000         0.052690        52.479240
    997.000000         0.052717        52.558849
    998.000000         0.052744        52.638512
    999.000000         0.052771        52.718229
   1000.000000         0.052798        52.798000
   1001.000000         0.052825        52.877825
   1002.000000         0.052851        52.956702
   1003.000000         0.052878        53.036634
   1004.000000         0.052905        53.116620
   1005.000000         0.052932        53.196660
   1006.000000         0.052959        53.276754
   1007.000000         0.052986        53.356902
   1008.000000         0.053012        53.436096
   1009.000000         0.053039        53.516351
   1010.000000         0.053066        53.596660
   1011.000000         0.053092        53.676012
   1012.000000         0.053119        53.756428
   1013.000000         0.053146        53.836898
   1014.000000         0.053172        53.916408
   1015.000000         0.053199        53.996985
   1016.000000         0.053225        54.076600
   1017.000000         0.053252        54.157284
   1018.000000         0.053278        54.237004
   1019.000000         0.053305        54.317795
   1020.000000         0.053331        54.397620
   1021.000000         0.053358        54.478518
   1022.000000         0.053384        54.558448
   1023.000000         0.053411        54.639453
   1024.000000         0.053437        54.719488
   1025.000000         0.053463        54.799575
   1026.000000         0.053490        54.880740
   1027.000000         0.053516        54.960932
   1028.000000         0.053542        55.041176
   1029.000000         0.053568        55.121472
   1030.000000         0.053594        55.201820
   1031.000000         0.053621        55.283251
   1032.000000         0.053647        55.363704
   1033.000000         0.053673        55.444209
   1034.000000         0.053699        55.524766
   1035.000000         0.053725        55.605375
   1036.000000         0.053751        55.686036
   1037.000000         0.053777        55.766749
   1038.000000         0.053803        55.847514
   1039.000000         0.053829        55.928331
   1040.000000         0.053855        56.009200
   1041.000000         0.053881        56.090121
   1042.000000         0.053907        56.171094
   1043.000000         0.053933        56.252119
   1044.000000         0.053959        56.333196
   1045.000000         0.053985        56.414325
   1046.000000         0.054010        56.494460
   1047.000000         0.054036        56.575692
   1048.000000         0.054062        56.656976
   1049.000000         0.054088        56.738312
   1050.000000         0.054113        56.818650
   1051.000000         0.054139        56.900089
   1052.000000         0.054165        56.981580
   1053.000000         0.054190        57.062070
   1054.000000         0.054216        57.143664
   1055.000000         0.054242        57.225310
   1056.000000         0.054267        57.305952
   1057.000000         0.054293        57.387701
   1058.000000         0.054318        57.468444
   1059.000000         0.054344        57.550296
   1060.000000         0.054369        57.631140
   1061.000000         0.054395        57.713095
   1062.000000         0.054420        57.794040
   1063.000000         0.054445        57.875035
   1064.000000         0.054471        57.957144
   1065.000000         0.054496        58.038240
   1066.000000         0.054522        58.120452
   1067.000000         0.054547        58.201649
   1068.000000         0.054572        58.282896
   1069.000000         0.054597        58.364193
   1070.000000         0.054623        58.446610
   1071.000000         0.054648        58.528008
   1072.000000         0.054673        58.609456
   1073.000000         0.054698        58.690954
   1074.000000         0.054723        58.772502
   1075.000000         0.054749        58.855175
   1076.000000         0.054774        58.936824
   1077.000000         0.054799        59.018523
   1078.000000         0.054824        59.100272
   1079.000000         0.054849        59.182071
   1080.000000         0.054874        59.263920
   1081.000000         0.054899        59.345819
   1082.000000         0.054924        59.427768
   1083.000000         0.054949        59.509767
   1084.000000         0.054974        59.591816
   1085.000000         0.054999        59.673915
   1086.000000         0.055024        59.756064
   1087.000000         0.055048        59.837176
   1088.000000         0.055073        59.919424
   1089.000000         0.055098        60.001722
   1090.000000         0.055123        60.084070
   1091.000000         0.055148        60.166468
   1092.000000         0.055172        60.247824
   1093.000000         0.055197        60.330321
   1094.000000         0.055222        60.412868
   1095.000000         0.055247        60.495465
   1096.000000         0.055271        60.577016
   1097.000000         0.055296        60.659712
   1098.000000         0.055321        60.742458
   1099.000000         0.055345        60.824155
   1100.000000         0.055370        60.907000
   1101.000000         0.055394        60.988794
   1102.000000         0.055419        61.071738
   1103.000000         0.055443        61.153629
   1104.000000         0.055468        61.236672
   1105.000000         0.055492        61.318660
   1106.000000         0.055517        61.401802
   1107.000000         0.055541        61.483887
   1108.000000         0.055566        61.567128
   1109.000000         0.055590        61.649310
   1110.000000         0.055614        61.731540
   1111.000000         0.055639        61.814929
   1112.000000         0.055663        61.897256
   1113.000000         0.055687        61.979631
   1114.000000         0.055712        62.063168
   1115.000000         0.055736        62.145640
   1116.000000         0.055760        62.228160
   1117.000000         0.055784        62.310728
   1118.000000         0.055808        62.393344
   1119.000000         0.055833        62.477127
   1120.000000         0.055857        62.559840
   1121.000000         0.055881        62.642601
   1122.000000         0.055905        62.725410
   1123.000000         0.055929        62.808267
   1124.000000         0.055953        62.891172
   1125.000000         0.055977        62.974125
   1126.000000         0.056001        63.057126
   1127.000000         0.056025        63.140175
   1128.000000         0.056049        63.223272
   1129.000000         0.056073        63.306417
   1130.000000         0.056097        63.389610
   1131.000000         0.056121        63.472851
   1132.000000         0.056145        63.556140
   1133.000000         0.056169        63.639477
   1134.000000         0.056193        63.722862
   1135.000000         0.056217        63.806295
   1136.000000         0.056240        63.888640
   1137.000000         0.056264        63.972168
   1138.000000         0.056288        64.055744
   1139.000000         0.056312        64.139368
   1140.000000         0.056335        64.221900
   1141.000000         0.056359        64.305619
   1142.000000         0.056383        64.389386
   1143.000000         0.056407        64.473201
   1144.000000         0.056430        64.555920
   1145.000000         0.056454        64.639830
   1146.000000         0.056477        64.722642
   1147.000000         0.056501        64.806647
   1148.000000         0.056525        64.890700
   1149.000000         0.056548        64.973652
   1150.000000         0.056572        65.057800
   1151.000000         0.056595        65.140845
   1152.000000         0.056619        65.225088
   1153.000000         0.056642        65.308226
   1154.000000         0.056666        65.392564
   1155.000000         0.056689        65.475795
   1156.000000         0.056713        65.560228
   1157.000000         0.056736        65.643552
   1158.000000         0.056759        65.726922
   1159.000000         0.056783        65.811497
   1160.000000         0.056806        65.894960
   1161.000000         0.056829        65.978469
   1162.000000         0.056853        66.063186
   1163.000000         0.056876        66.146788
   1164.000000         0.056899        66.230436
   1165.000000         0.056922        66.314130
   1166.000000         0.056946        66.399036
   1167.000000         0.056969        66.482823
   1168.000000         0.056992        66.566656
   1169.000000         0.057015        66.650535
   1170.000000         0.057038        66.734460
   1171.000000         0.057061        66.818431
   1172.000000         0.057085        66.903620
   1173.000000         0.057108        66.987684
   1174.000000         0.057131        67.071794
   1175.000000         0.057154        67.155950
   1176.000000         0.057177        67.240152
   1177.000000         0.057200        67.324400
   1178.000000         0.057223        67.408694
   1179.000000         0.057246        67.493034
   1180.000000         0.057269        67.577420
   1181.000000         0.057292        67.661852
   1182.000000         0.057315        67.746330
   1183.000000         0.057337        67.829671
   1184.000000         0.057360        67.914240
   1185.000000         0.057383        67.998855
   1186.000000         0.057406        68.083516
   1187.000000         0.057429        68.168223
   1188.000000         0.057452        68.252976
   1189.000000         0.057474        68.336586
   1190.000000         0.057497        68.421430
   1191.000000         0.057520        68.506320
   1192.000000         0.057543        68.591256
   1193.000000         0.057565        68.675045
   1194.000000         0.057588        68.760072
   1195.000000         0.057611        68.845145
   1196.000000         0.057633        68.929068
   1197.000000         0.057656        69.014232
   1198.000000         0.057679        69.099442
   1199.000000         0.057701        69.183499
   1200.000000         0.057724        69.268800
   1201.000000         0.057746        69.352946
   1202.000000         0.057769        69.438338
   1203.000000         0.057791        69.522573
   1204.000000         0.057814        69.608056
   1205.000000         0.057836        69.692380
   1206.000000         0.057859        69.777954
   1207.000000         0.057881        69.862367
   1208.000000         0.057904        69.948032
   1209.000000         0.057926        70.032534
   1210.000000         0.057949        70.118290
   1211.000000         0.057971        70.202881
   1212.000000         0.057993        70.287516
   1213.000000         0.058016        70.373408
   1214.000000         0.058038        70.458132
   1215.000000         0.058060        70.542900
   1216.000000         0.058083        70.628928
   1217.000000         0.058105        70.713785
   1218.000000         0.058127        70.798686
   1219.000000         0.058149        70.883631
   1220.000000         0.058172        70.969840
   1221.000000         0.058194        71.054874
   1222.000000         0.058216        71.139952
   1223.000000         0.058238        71.225074
   1224.000000         0.058260        71.310240
   1225.000000         0.058282        71.395450
   1226.000000         0.058305        71.481930
   1227.000000         0.058327        71.567229
   1228.000000         0.058349        71.652572
   1229.000000         0.058371        71.737959
   1230.000000         0.058393        71.823390
   1231.000000         0.058415        71.908865
   1232.000000         0.058437        71.994384
   1233.000000         0.058459        72.079947
   1234.000000         0.058481        72.165554
   1235.000000         0.058503        72.251205
   1236.000000         0.058525        72.336900
   1237.000000         0.058547        72.422639
   1238.000000         0.058569        72.508422
   1239.000000         0.058590        72.593010
   1240.000000         0.058612        72.678880
   1241.000000         0.058634        72.764794
   1242.000000         0.058656        72.850752
   1243.000000         0.058678        72.936754
   1244.000000         0.058700        73.022800
   1245.000000         0.058721        73.107645
   1246.000000         0.058743        73.193778
   1247.000000         0.058765        73.279955
   1248.000000         0.058787        73.366176
   1249.000000         0.058808        73.451192
   1250.000000         0.058830        73.537500
   1251.000000         0.058852        73.623852
   1252.000000         0.058873        73.708996
   1253.000000         0.058895        73.795435
   1254.000000         0.058917        73.881918
   1255.000000         0.058938        73.967190
   1256.000000         0.058960        74.053760
   1257.000000         0.058981        74.139117
   1258.000000         0.059003        74.225774
   1259.000000         0.059025        74.312475
   1260.000000         0.059046        74.397960
   1261.000000         0.059068        74.484748
   1262.000000         0.059089        74.570318
   1263.000000         0.059111        74.657193
   1264.000000         0.059132        74.742848
   1265.000000         0.059153        74.828545
   1266.000000         0.059175        74.915550
   1267.000000         0.059196        75.001332
   1268.000000         0.059218        75.088424
   1269.000000         0.059239        75.174291
   1270.000000         0.059260        75.260200
   1271.000000         0.059282        75.347422
   1272.000000         0.059303        75.433416
   1273.000000         0.059324        75.519452
   1274.000000         0.059346        75.606804
   1275.000000         0.059367        75.692925
   1276.000000         0.059388        75.779088
   1277.000000         0.059409        75.865293
   1278.000000         0.059431        75.952818
   1279.000000         0.059452        76.039108
   1280.000000         0.059473        76.125440
   1281.000000         0.059494        76.211814
   1282.000000         0.059515        76.298230
   1283.000000         0.059537        76.385971
   1284.000000         0.059558        76.472472
   1285.000000         0.059579        76.559015
   1286.000000         0.059600        76.645600
   1287.000000         0.059621        76.732227
   1288.000000         0.059642        76.818896
   1289.000000         0.059663        76.905607
   1290.000000         0.059684        76.992360
   1291.000000         0.059705        77.079155
   1292.000000         0.059726        77.165992
   1293.000000         0.059747        77.252871
   1294.000000         0.059768        77.339792
   1295.000000         0.059789        77.426755
   1296.000000         0.059810        77.513760
   1297.000000         0.059831        77.600807
   1298.000000         0.059852        77.687896
   1299.000000         0.059873        77.775027
   1300.000000         0.059894        77.862200
   1301.000000         0.059915        77.949415
   1302.000000         0.059935        78.035370
   1303.000000         0.059956        78.122668
   1304.000000         0.059977        78.210008
   1305.000000         0.059998        78.297390
   1306.000000         0.060019        78.384814
   1307.000000         0.060039        78.470973
   1308.000000         0.060060        78.558480
   1309.000000         0.060081        78.646029
   1310.000000         0.060102        78.733620
   1311.000000         0.060122        78.819942
   1312.000000         0.060143        78.907616
   1313.000000         0.060164        78.995332
   1314.000000         0.060184        79.081776
   1315.000000         0.060205        79.169575
   1316.000000         0.060226        79.257416
   1317.000000         0.060246        79.343982
   1318.000000         0.060267        79.431906
   1319.000000         0.060287        79.518553
   1320.000000         0.060308        79.606560
   1321.000000         0.060329        79.694609
   1322.000000         0.060349        79.781378
   1323.000000         0.060370        79.869510
   1324.000000         0.060390        79.956360
   1325.000000         0.060411        80.044575
   1326.000000         0.060431        80.131506
   1327.000000         0.060452        80.219804
   1328.000000         0.060472        80.306816
   1329.000000         0.060492        80.393868
   1330.000000         0.060513        80.482290
   1331.000000         0.060533        80.569423
   1332.000000         0.060554        80.657928
   1333.000000         0.060574        80.745142
   1334.000000         0.060594        80.832396
   1335.000000         0.060615        80.921025
   1336.000000         0.060635        81.008360
   1337.000000         0.060655        81.095735
   1338.000000         0.060676        81.184488
   1339.000000         0.060696        81.271944
   1340.000000         0.060716        81.359440
   1341.000000         0.060736        81.446976
   1342.000000         0.060757        81.535894
   1343.000000         0.060777        81.623511
   1344.000000         0.060797        81.711168
   1345.000000         0.060817        81.798865
   1346.000000         0.060837        81.886602
   1347.000000         0.060858        81.975726
   1348.000000         0.060878        82.063544
   1349.000000         0.060898        82.151402
   1350.000000         0.060918        82.239300
   1351.000000         0.060938        82.327238
   1352.000000         0.060958        82.415216
   1353.000000         0.060978        82.503234
   1354.000000         0.060998        82.591292
   1355.000000         0.061018        82.679390
   1356.000000         0.061038        82.767528
   1357.000000         0.061058        82.855706
   1358.000000         0.061078        82.943924
   1359.000000         0.061098        83.032182
   1360.000000         0.061118        83.120480
   1361.000000         0.061138        83.208818
   1362.000000         0.061158        83.297196
   1363.000000         0.061178        83.385614
   1364.000000         0.061198        83.474072
   1365.000000         0.061218        83.562570
   1366.000000         0.061238        83.651108
   1367.000000         0.061258        83.739686
   1368.000000         0.061278        83.828304
   1369.000000         0.061298        83.916962
   1370.000000         0.061317        84.004290
   1371.000000         0.061337        84.093027
   1372.000000         0.061357        84.181804
   1373.000000         0.061377        84.270621
   1374.000000         0.061397        84.359478
   1375.000000         0.061416        84.447000
   1376.000000         0.061436        84.535936
   1377.000000         0.061456        84.624912
   1378.000000         0.061475        84.712550
   1379.000000         0.061495        84.801605
   1380.000000         0.061515        84.890700
   1381.000000         0.061535        84.979835
   1382.000000         0.061554        85.067628
   1383.000000         0.061574        85.156842
   1384.000000         0.061594        85.246096
   1385.000000         0.061613        85.334005
   1386.000000         0.061633        85.423338
   1387.000000         0.061652        85.511324
   1388.000000         0.061672        85.600736
   1389.000000         0.061691        85.688799
   1390.000000         0.061711        85.778290
   1391.000000         0.061731        85.867821
   1392.000000         0.061750        85.956000
   1393.000000         0.061770        86.045610
   1394.000000         0.061789        86.133866
   1395.000000         0.061809        86.223555
   1396.000000         0.061828        86.311888
   1397.000000         0.061847        86.400259
   1398.000000         0.061867        86.490066
   1399.000000         0.061886        86.578514
   1400.000000         0.061906        86.668400
   1401.000000         0.061925        86.756925
   1402.000000         0.061945        86.846890
   1403.000000         0.061964        86.935492
   1404.000000         0.061983        87.024132
   1405.000000         0.062003        87.114215
   1406.000000         0.062022        87.202932
   1407.000000         0.062041        87.291687
   1408.000000         0.062061        87.381888
   1409.000000         0.062080        87.470720
   1410.000000         0.062099        87.559590
   1411.000000         0.062118        87.648498
   1412.000000         0.062138        87.738856
   1413.000000         0.062157        87.827841
   1414.000000         0.062176        87.916864
   1415.000000         0.062195        88.005925
   1416.000000         0.062215        88.096440
   1417.000000         0.062234        88.185578
   1418.000000         0.062253        88.274754
   1419.000000         0.062272        88.363968
   1420.000000         0.062291        88.453220
   1421.000000         0.062310        88.542510
   1422.000000         0.062329        88.631838
   1423.000000         0.062349        88.722627
   1424.000000         0.062368        88.812032
   1425.000000         0.062387        88.901475
   1426.000000         0.062406        88.990956
   1427.000000         0.062425        89.080475
   1428.000000         0.062444        89.170032
   1429.000000         0.062463        89.259627
   1430.000000         0.062482        89.349260
   1431.000000         0.062501        89.438931
   1432.000000         0.062520        89.528640
   1433.000000         0.062539        89.618387
   1434.000000         0.062558        89.708172
   1435.000000         0.062577        89.797995
   1436.000000         0.062596        89.887856
   1437.000000         0.062615        89.977755
   1438.000000         0.062634        90.067692
   1439.000000         0.062652        90.156228
   1440.000000         0.062671        90.246240
   1441.000000         0.062690        90.336290
   1442.000000         0.062709        90.426378
   1443.000000         0.062728        90.516504
   1444.000000         0.062747        90.606668
   1445.000000         0.062766        90.696870
   1446.000000         0.062784        90.785664
   1447.000000         0.062803        90.875941
   1448.000000         0.062822        90.966256
   1449.000000         0.062841        91.056609
   1450.000000         0.062859        91.145550
   1451.000000         0.062878        91.235978
   1452.000000         0.062897        91.326444
   1453.000000         0.062916        91.416948
   1454.000000         0.062934        91.506036
   1455.000000         0.062953        91.596615
   1456.000000         0.062972        91.687232
   1457.000000         0.062990        91.776430
   1458.000000         0.063009        91.867122
   1459.000000         0.063028        91.957852
   1460.000000         0.063046        92.047160
   1461.000000         0.063065        92.137965
   1462.000000         0.063083        92.227346
   1463.000000         0.063102        92.318226
   1464.000000         0.063121        92.409144
   1465.000000         0.063139        92.498635
   1466.000000         0.063158        92.589628
   1467.000000         0.063176        92.679192
   1468.000000         0.063195        92.770260
   1469.000000         0.063213        92.859897
   1470.000000         0.063232        92.951040
   1471.000000         0.063250        93.040750
   1472.000000         0.063269        93.131968
   1473.000000         0.063287        93.221751
   1474.000000         0.063306        93.313044
   1475.000000         0.063324        93.402900
   1476.000000         0.063343        93.494268
   1477.000000         0.063361        93.584197
   1478.000000         0.063379        93.674162
   1479.000000         0.063398        93.765642
   1480.000000         0.063416        93.855680
   1481.000000         0.063435        93.947235
   1482.000000         0.063453        94.037346
   1483.000000         0.063471        94.127493
   1484.000000         0.063490        94.219160
   1485.000000         0.063508        94.309380
   1486.000000         0.063526        94.399636
   1487.000000         0.063545        94.491415
   1488.000000         0.063563        94.581744
   1489.000000         0.063581        94.672109
   1490.000000         0.063599        94.762510
   1491.000000         0.063618        94.854438
   1492.000000         0.063636        94.944912
   1493.000000         0.063654        95.035422
   1494.000000         0.063672        95.125968
   1495.000000         0.063690        95.216550
   1496.000000         0.063709        95.308664
   1497.000000         0.063727        95.399319
   1498.000000         0.063745        95.490010
   1499.000000         0.063763        95.580737
   1500.000000         0.063781        95.671500
   1501.000000         0.063799        95.762299
   1502.000000         0.063817        95.853134
   1503.000000         0.063836        95.945508
   1504.000000         0.063854        96.036416
   1505.000000         0.063872        96.127360
   1506.000000         0.063890        96.218340
   1507.000000         0.063908        96.309356
   1508.000000         0.063926        96.400408
   1509.000000         0.063944        96.491496
   1510.000000         0.063962        96.582620
   1511.000000         0.063980        96.673780
   1512.000000         0.063998        96.764976
   1513.000000         0.064016        96.856208
   1514.000000         0.064034        96.947476
   1515.000000         0.064052        97.038780
   1516.000000         0.064070        97.130120
   1517.000000         0.064088        97.221496
   1518.000000         0.064106        97.312908
   1519.000000         0.064124        97.404356
   1520.000000         0.064142        97.495840
   1521.000000         0.064159        97.585839
   1522.000000         0.064177        97.677394
   1523.000000         0.064195        97.768985
   1524.000000         0.064213        97.860612
   1525.000000         0.064231        97.952275
   1526.000000         0.064249        98.043974
   1527.000000         0.064267        98.135709
   1528.000000         0.064284        98.225952
   1529.000000         0.064302        98.317758
   1530.000000         0.064320        98.409600
   1531.000000         0.064338        98.501478
   1532.000000         0.064355        98.591860
   1533.000000         0.064373        98.683809
   1534.000000         0.064391        98.775794
   1535.000000         0.064409        98.867815
   1536.000000         0.064426        98.958336
   1537.000000         0.064444        99.050428
   1538.000000         0.064462        99.142556
   1539.000000         0.064480        99.234720
   1540.000000         0.064497        99.325380
   1541.000000         0.064515        99.417615
   1542.000000         0.064533        99.509886
   1543.000000         0.064550        99.600650
   1544.000000         0.064568        99.692992
   1545.000000         0.064585        99.783825
   1546.000000         0.064603        99.876238
   1547.000000         0.064621        99.968687
   1548.000000         0.064638       100.059624
   1549.000000         0.064656       100.152144
   1550.000000         0.064673       100.243150
   1551.000000         0.064691       100.335741
   1552.000000         0.064708       100.426816
   1553.000000         0.064726       100.519478
   1554.000000         0.064743       100.610622
   1555.000000         0.064761       100.703355
   1556.000000         0.064778       100.794568
   1557.000000         0.064796       100.887372
   1558.000000         0.064813       100.978654
   1559.000000         0.064831       101.071529
   1560.000000         0.064848       101.162880
   1561.000000         0.064866       101.255826
   1562.000000         0.064883       101.347246
   1563.000000         0.064901       101.440263
   1564.000000         0.064918       101.531752
   1565.000000         0.064935       101.623275
   1566.000000         0.064953       101.716398
   1567.000000         0.064970       101.807990
   1568.000000         0.064988       101.901184
   1569.000000         0.065005       101.992845
   1570.000000         0.065022       102.084540
   1571.000000         0.065040       102.177840
   1572.000000         0.065057       102.269604
   1573.000000         0.065074       102.361402
   1574.000000         0.065091       102.453234
   1575.000000         0.065109       102.546675
   1576.000000         0.065126       102.638576
   1577.000000         0.065143       102.730511
   1578.000000         0.065161       102.824058
   1579.000000         0.065178       102.916062
   1580.000000         0.065195       103.008100
   1581.000000         0.065212       103.100172
   1582.000000         0.065229       103.192278
   1583.000000         0.065247       103.286001
   1584.000000         0.065264       103.378176
   1585.000000         0.065281       103.470385
   1586.000000         0.065298       103.562628
   1587.000000         0.065315       103.654905
   1588.000000         0.065332       103.747216
   1589.000000         0.065350       103.841150
   1590.000000         0.065367       103.933530
   1591.000000         0.065384       104.025944
   1592.000000         0.065401       104.118392
   1593.000000         0.065418       104.210874
   1594.000000         0.065435       104.303390
   1595.000000         0.065452       104.395940
   1596.000000         0.065469       104.488524
   1597.000000         0.065486       104.581142
   1598.000000         0.065503       104.673794
   1599.000000         0.065520       104.766480
   1600.000000         0.065537       104.859200
   1601.000000         0.065554       104.951954
   1602.000000         0.065571       105.044742
   1603.000000         0.065588       105.137564
   1604.000000         0.065605       105.230420
   1605.000000         0.065622       105.323310
   1606.000000         0.065639       105.416234
   1607.000000         0.065656       105.509192
   1608.000000         0.065673       105.602184
   1609.000000         0.065690       105.695210
   1610.000000         0.065707       105.788270
   1611.000000         0.065724       105.881364
   1612.000000         0.065741       105.974492
   1613.000000         0.065758       106.067654
   1614.000000         0.065775       106.160850
   1615.000000         0.065791       106.252465
   1616.000000         0.065808       106.345728
   1617.000000         0.065825       106.439025
   1618.000000         0.065842       106.532356
   1619.000000         0.065859       106.625721
   1620.000000         0.065876       106.719120
   1621.000000         0.065892       106.810932
   1622.000000         0.065909       106.904398
   1623.000000         0.065926       106.997898
   1624.000000         0.065943       107.091432
   1625.000000         0.065960       107.185000
   1626.000000         0.065976       107.276976
   1627.000000         0.065993       107.370611
   1628.000000         0.066010       107.464280
   1629.000000         0.066026       107.556354
   1630.000000         0.066043       107.650090
   1631.000000         0.066060       107.743860
   1632.000000         0.066077       107.837664
   1633.000000         0.066093       107.929869
   1634.000000         0.066110       108.023740
   1635.000000         0.066127       108.117645
   1636.000000         0.066143       108.209948
   1637.000000         0.066160       108.303920
   1638.000000         0.066177       108.397926
   1639.000000         0.066193       108.490327
   1640.000000         0.066210       108.584400
   1641.000000         0.066226       108.676866
   1642.000000         0.066243       108.771006
   1643.000000         0.066260       108.865180
   1644.000000         0.066276       108.957744
   1645.000000         0.066293       109.051985
   1646.000000         0.066309       109.144614
   1647.000000         0.066326       109.238922
   1648.000000         0.066342       109.331616
   1649.000000         0.066359       109.425991
   1650.000000         0.066375       109.518750
   1651.000000         0.066392       109.613192
   1652.000000         0.066408       109.706016
   1653.000000         0.066425       109.800525
   1654.000000         0.066441       109.893414
   1655.000000         0.066458       109.987990
   1656.000000         0.066474       110.080944
   1657.000000         0.066491       110.175587
   1658.000000         0.066507       110.268606
   1659.000000         0.066523       110.361657
   1660.000000         0.066540       110.456400
   1661.000000         0.066556       110.549516
   1662.000000         0.066573       110.644326
   1663.000000         0.066589       110.737507
   1664.000000         0.066605       110.830720
   1665.000000         0.066622       110.925630
   1666.000000         0.066638       111.018908
   1667.000000         0.066654       111.112218
   1668.000000         0.066671       111.207228
   1669.000000         0.066687       111.300603
   1670.000000         0.066703       111.394010
   1671.000000         0.066720       111.489120
   1672.000000         0.066736       111.582592
   1673.000000         0.066752       111.676096
   1674.000000         0.066769       111.771306
   1675.000000         0.066785       111.864875
   1676.000000         0.066801       111.958476
   1677.000000         0.066817       112.052109
   1678.000000         0.066834       112.147452
   1679.000000         0.066850       112.241150
   1680.000000         0.066866       112.334880
   1681.000000         0.066882       112.428642
   1682.000000         0.066898       112.522436
   1683.000000         0.066915       112.617945
   1684.000000         0.066931       112.711804
   1685.000000         0.066947       112.805695
   1686.000000         0.066963       112.899618
   1687.000000         0.066979       112.993573
   1688.000000         0.066995       113.087560
   1689.000000         0.067012       113.183268
   1690.000000         0.067028       113.277320
   1691.000000         0.067044       113.371404
   1692.000000         0.067060       113.465520
   1693.000000         0.067076       113.559668
   1694.000000         0.067092       113.653848
   1695.000000         0.067108       113.748060
   1696.000000         0.067124       113.842304
   1697.000000         0.067140       113.936580
   1698.000000         0.067156       114.030888
   1699.000000         0.067172       114.125228
   1700.000000         0.067188       114.219600
   1701.000000         0.067204       114.314004
   1702.000000         0.067220       114.408440
   1703.000000         0.067236       114.502908
   1704.000000         0.067252       114.597408
   1705.000000         0.067268       114.691940
   1706.000000         0.067284       114.786504
   1707.000000         0.067300       114.881100
   1708.000000         0.067316       114.975728
   1709.000000         0.067332       115.070388
   1710.000000         0.067348       115.165080
   1711.000000         0.067364       115.259804
   1712.000000         0.067380       115.354560
   1713.000000         0.067396       115.449348
   1714.000000         0.067412       115.544168
   1715.000000         0.067428       115.639020
   1716.000000         0.067444       115.733904
   1717.000000         0.067460       115.828820
   1718.000000         0.067475       115.922050
   1719.000000         0.067491       116.017029
   1720.000000         0.067507       116.112040
   1721.000000         0.067523       116.207083
   1722.000000         0.067539       116.302158
   1723.000000         0.067555       116.397265
   1724.000000         0.067570       116.490680
   1725.000000         0.067586       116.585850
   1726.000000         0.067602       116.681052
   1727.000000         0.067618       116.776286
   1728.000000         0.067634       116.871552
   1729.000000         0.067649       116.965121
   1730.000000         0.067665       117.060450
   1731.000000         0.067681       117.155811
   1732.000000         0.067697       117.251204
   1733.000000         0.067712       117.344896
   1734.000000         0.067728       117.440352
   1735.000000         0.067744       117.535840
   1736.000000         0.067759       117.629624
   1737.000000         0.067775       117.725175
   1738.000000         0.067791       117.820758
   1739.000000         0.067806       117.914634
   1740.000000         0.067822       118.010280
   1741.000000         0.067838       118.105958
   1742.000000         0.067853       118.199926
   1743.000000         0.067869       118.295667
   1744.000000         0.067885       118.391440
   1745.000000         0.067900       118.485500
   1746.000000         0.067916       118.581336
   1747.000000         0.067932       118.677204
   1748.000000         0.067947       118.771356
   1749.000000         0.067963       118.867287
   1750.000000         0.067978       118.961500
   1751.000000         0.067994       119.057494
   1752.000000         0.068009       119.151768
   1753.000000         0.068025       119.247825
   1754.000000         0.068041       119.343914
   1755.000000         0.068056       119.438280
   1756.000000         0.068072       119.534432
   1757.000000         0.068087       119.628859
   1758.000000         0.068103       119.725074
   1759.000000         0.068118       119.819562
   1760.000000         0.068134       119.915840
   1761.000000         0.068149       120.010389
   1762.000000         0.068165       120.106730
   1763.000000         0.068180       120.201340
   1764.000000         0.068195       120.295980
   1765.000000         0.068211       120.392415
   1766.000000         0.068226       120.487116
   1767.000000         0.068242       120.583614
   1768.000000         0.068257       120.678376
   1769.000000         0.068273       120.774937
   1770.000000         0.068288       120.869760
   1771.000000         0.068303       120.964613
   1772.000000         0.068319       121.061268
   1773.000000         0.068334       121.156182
   1774.000000         0.068350       121.252900
   1775.000000         0.068365       121.347875
   1776.000000         0.068380       121.442880
   1777.000000         0.068396       121.539692
   1778.000000         0.068411       121.634758
   1779.000000         0.068426       121.729854
   1780.000000         0.068442       121.826760
   1781.000000         0.068457       121.921917
   1782.000000         0.068472       122.017104
   1783.000000         0.068487       122.112321
   1784.000000         0.068503       122.209352
   1785.000000         0.068518       122.304630
   1786.000000         0.068533       122.399938
   1787.000000         0.068549       122.497063
   1788.000000         0.068564       122.592432
   1789.000000         0.068579       122.687831
   1790.000000         0.068594       122.783260
   1791.000000         0.068610       122.880510
   1792.000000         0.068625       122.976000
   1793.000000         0.068640       123.071520
   1794.000000         0.068655       123.167070
   1795.000000         0.068670       123.262650
   1796.000000         0.068686       123.360056
   1797.000000         0.068701       123.455697
   1798.000000         0.068716       123.551368
   1799.000000         0.068731       123.647069
   1800.000000         0.068746       123.742800
   1801.000000         0.068761       123.838561
   1802.000000         0.068776       123.934352
   1803.000000         0.068792       124.031976
   1804.000000         0.068807       124.127828
   1805.000000         0.068822       124.223710
   1806.000000         0.068837       124.319622
   1807.000000         0.068852       124.415564
   1808.000000         0.068867       124.511536
   1809.000000         0.068882       124.607538
   1810.000000         0.068897       124.703570
   1811.000000         0.068912       124.799632
   1812.000000         0.068927       124.895724
   1813.000000         0.068942       124.991846
   1814.000000         0.068957       125.087998
   1815.000000         0.068972       125.184180
   1816.000000         0.068987       125.280392
   1817.000000         0.069002       125.376634
   1818.000000         0.069017       125.472906
   1819.000000         0.069032       125.569208
   1820.000000         0.069047       125.665540
   1821.000000         0.069062       125.761902
   1822.000000         0.069077       125.858294
   1823.000000         0.069092       125.954716
   1824.000000         0.069107       126.051168
   1825.000000         0.069122       126.147650
   1826.000000         0.069137       126.244162
   1827.000000         0.069152       126.340704
   1828.000000         0.069167       126.437276
   1829.000000         0.069182       126.533878
   1830.000000         0.069197       126.630510
   1831.000000         0.069212       126.727172
   1832.000000         0.069227       126.823864
   1833.000000         0.069241       126.918753
   1834.000000         0.069256       127.015504
   1835.000000         0.069271       127.112285
   1836.000000         0.069286       127.209096
   1837.000000         0.069301       127.305937
   1838.000000         0.069316       127.402808
   1839.000000         0.069331       127.499709
   1840.000000         0.069345       127.594800
   1841.000000         0.069360       127.691760
   1842.000000         0.069375       127.788750
   1843.000000         0.069390       127.885770
   1844.000000         0.069405       127.982820
   1845.000000         0.069419       128.078055
   1846.000000         0.069434       128.175164
   1847.000000         0.069449       128.272303
   1848.000000         0.069464       128.369472
   1849.000000         0.069478       128.464822
   1850.000000         0.069493       128.562050
   1851.000000         0.069508       128.659308
   1852.000000         0.069523       128.756596
   1853.000000         0.069537       128.852061
   1854.000000         0.069552       128.949408
   1855.000000         0.069567       129.046785
   1856.000000         0.069581       129.142336
   1857.000000         0.069596       129.239772
   1858.000000         0.069611       129.337238
   1859.000000         0.069626       129.434734
   1860.000000         0.069640       129.530400
   1861.000000         0.069655       129.627955
   1862.000000         0.069670       129.725540
   1863.000000         0.069684       129.821292
   1864.000000         0.069699       129.918936
   1865.000000         0.069713       130.014745
   1866.000000         0.069728       130.112448
   1867.000000         0.069743       130.210181
   1868.000000         0.069757       130.306076
   1869.000000         0.069772       130.403868
   1870.000000         0.069786       130.499820
   1871.000000         0.069801       130.597671
   1872.000000         0.069816       130.695552
   1873.000000         0.069830       130.791590
   1874.000000         0.069845       130.889530
   1875.000000         0.069859       130.985625
   1876.000000         0.069874       131.083624
   1877.000000         0.069888       131.179776
   1878.000000         0.069903       131.277834
   1879.000000         0.069917       131.374043
   1880.000000         0.069932       131.472160
   1881.000000         0.069946       131.568426
   1882.000000         0.069961       131.666602
   1883.000000         0.069975       131.762925
   1884.000000         0.069990       131.861160
   1885.000000         0.070004       131.957540
   1886.000000         0.070019       132.055834
   1887.000000         0.070033       132.152271
   1888.000000         0.070048       132.250624
   1889.000000         0.070062       132.347118
   1890.000000         0.070077       132.445530
   1891.000000         0.070091       132.542081
   1892.000000         0.070105       132.638660
   1893.000000         0.070120       132.737160
   1894.000000         0.070134       132.833796
   1895.000000         0.070149       132.932355
   1896.000000         0.070163       133.029048
   1897.000000         0.070177       133.125769
   1898.000000         0.070192       133.224416
   1899.000000         0.070206       133.321194
   1900.000000         0.070220       133.418000
