      1.000000         0.000000         0.000000
      2.000000         0.000000         0.000000
      3.000000         0.000000         0.000000
      4.000000         0.000000         0.000000
      5.000000         0.000000         0.000000
      6.000000         0.000000         0.000000
      7.000000         0.000000         0.000000
      8.000000         0.000000         0.000000
      9.000000         0.000000         0.000000
     10.000000         0.000000         0.000000
     11.000000         0.000000         0.000000
     12.000000         0.000000         0.000000
     13.000000         0.000000         0.000000
     14.000000         0.000001         0.000014
     15.000000         0.000001         0.000015
     16.000000         0.000002         0.000032
     17.000000         0.000004         0.000068
     18.000000         0.000005         0.000090
     19.000000         0.000007         0.000133
     20.000000         0.000010         0.000200
     21.000000         0.000013         0.000273
     22.000000         0.000017         0.000374
     23.000000         0.000022         0.000506
     24.000000         0.000028         0.000672
     25.000000         0.000034         0.000850
     26.000000         0.000042         0.001092
     27.000000         0.000051         0.001377
     28.000000         0.000060         0.001680
     29.000000         0.000072         0.002088
     30.000000         0.000084         0.002520
     31.000000         0.000098         0.003038
     32.000000         0.000113         0.003616
     33.000000         0.000130         0.004290
     34.000000         0.000148         0.005032
     35.000000         0.000167         0.005845
     36.000000         0.000188         0.006768
     37.000000         0.000210         0.007770
     38.000000         0.000234         0.008892
     39.000000         0.000259         0.010101
     40.000000         0.000286         0.011440
     41.000000         0.000315         0.012915
     42.000000         0.000344         0.014448
     43.000000         0.000376         0.016168
     44.000000         0.000408         0.017952
     45.000000         0.000442         0.019890
     46.000000         0.000478         0.021988
     47.000000         0.000515         0.024205
     48.000000         0.000553         0.026544
     49.000000         0.000593         0.029057
     50.000000         0.000634         0.031700
     51.000000         0.000677         0.034527
     52.000000         0.000720         0.037440
     53.000000         0.000766         0.040598
     54.000000         0.000812         0.043848
     55.000000         0.000860         0.047300
     56.000000         0.000909         0.050904
     57.000000         0.000959         0.054663
     58.000000         0.001010         0.058580
     59.000000         0.001063         0.062717
     60.000000         0.001117         0.067020
     61.000000         0.001172         0.071492
     62.000000         0.001228         0.076136
     63.000000         0.001285         0.080955
     64.000000         0.001343         0.085952
     65.000000         0.001403         0.091195
     66.000000         0.001463         0.096558
     67.000000         0.001525         0.102175
     68.000000         0.001588         0.107984
     69.000000         0.001651         0.113919
     70.000000         0.001716         0.120120
     71.000000         0.001782         0.126522
     72.000000         0.001848         0.133056
     73.000000         0.001916         0.139868
     74.000000         0.001985         0.146890
     75.000000         0.002054         0.154050
     76.000000         0.002125         0.161500
     77.000000         0.002196         0.169092
     78.000000         0.002269         0.176982
     79.000000         0.002342         0.185018
     80.000000         0.002416         0.193280
     81.000000         0.002491         0.201771
     82.000000         0.002566         0.210412
     83.000000         0.002643         0.219369
     84.000000         0.002720         0.228480
     85.000000         0.002798         0.237830
     86.000000         0.002877         0.247422
     87.000000         0.002957         0.257259
     88.000000         0.003037         0.267256
     89.000000         0.003118         0.277502
     90.000000         0.003200         0.288000
     91.000000         0.003282         0.298662
     92.000000         0.003365         0.309580
     93.000000         0.003449         0.320757
     94.000000         0.003533         0.332102
     95.000000         0.003618         0.343710
     96.000000         0.003704         0.355584
     97.000000         0.003790         0.367630
     98.000000         0.003877         0.379946
     99.000000         0.003964         0.392436
    100.000000         0.004052         0.405200
    101.000000         0.004140         0.418140
    102.000000         0.004229         0.431358
    103.000000         0.004318         0.444754
    104.000000         0.004408         0.458432
    105.000000         0.004498         0.472290
    106.000000         0.004589         0.486434
    107.000000         0.004681         0.500867
    108.000000         0.004772         0.515376
    109.000000         0.004864         0.530176
    110.000000         0.004957         0.545270
    111.000000         0.005050         0.560550
    112.000000         0.005143         0.576016
    113.000000         0.005237         0.591781
    114.000000         0.005331         0.607734
    115.000000         0.005425         0.623875
    116.000000         0.005519         0.640204
    117.000000         0.005614         0.656838
    118.000000         0.005710         0.673780
    119.000000         0.005805         0.690795
    120.000000         0.005901         0.708120
    121.000000         0.005997         0.725637
    122.000000         0.006094         0.743468
    123.000000         0.006190         0.761370
    124.000000         0.006287         0.779588
    125.000000         0.006384         0.798000
    126.000000         0.006481         0.816606
    127.000000         0.006579         0.835533
    128.000000         0.006676         0.854528
    129.000000         0.006774         0.873846
    130.000000         0.006872         0.893360
    131.000000         0.006970         0.913070
    132.000000         0.007069         0.933108
    133.000000         0.007167         0.953211
    134.000000         0.007266         0.973644
    135.000000         0.007365         0.994275
    136.000000         0.007463         1.014968
    137.000000         0.007562         1.035994
    138.000000         0.007661         1.057218
    139.000000         0.007761         1.078779
    140.000000         0.007860         1.100400
    141.000000         0.007959         1.122219
    142.000000         0.008059         1.144378
    143.000000         0.008158         1.166594
    144.000000         0.008258         1.189152
    145.000000         0.008357         1.211765
    146.000000         0.008457         1.234722
    147.000000         0.008556         1.257732
    148.000000         0.008656         1.281088
    149.000000         0.008756         1.304644
    150.000000         0.008855         1.328250
    151.000000         0.008955         1.352205
    152.000000         0.009055         1.376360
    153.000000         0.009154         1.400562
    154.000000         0.009254         1.425116
    155.000000         0.009354         1.449870
    156.000000         0.009453         1.474668
    157.000000         0.009553         1.499821
    158.000000         0.009653         1.525174
    159.000000         0.009752         1.550568
    160.000000         0.009852         1.576320
    161.000000         0.009951         1.602111
    162.000000         0.010051         1.628262
    163.000000         0.010150         1.654450
    164.000000         0.010249         1.680836
    165.000000         0.010349         1.707585
    166.000000         0.010448         1.734368
    167.000000         0.010547         1.761349
    168.000000         0.010646         1.788528
    169.000000         0.010745         1.815905
    170.000000         0.010844         1.843480
    171.000000         0.010943         1.871253
    172.000000         0.011041         1.899052
    173.000000         0.011140         1.927220
    174.000000         0.011238         1.955412
    175.000000         0.011337         1.983975
    176.000000         0.011435         2.012560
    177.000000         0.011533         2.041341
    178.000000         0.011631         2.070318
    179.000000         0.011729         2.099491
    180.000000         0.011827         2.128860
    181.000000         0.011925         2.158425
    182.000000         0.012022         2.188004
    183.000000         0.012120         2.217960
    184.000000         0.012217         2.247928
    185.000000         0.012314         2.278090
    186.000000         0.012411         2.308446
    187.000000         0.012508         2.338996
    188.000000         0.012605         2.369740
    189.000000         0.012702         2.400678
    190.000000         0.012798         2.431620
    191.000000         0.012894         2.462754
    192.000000         0.012991         2.494272
    193.000000         0.013087         2.525791
    194.000000         0.013183         2.557502
    195.000000         0.013278         2.589210
    196.000000         0.013374         2.621304
    197.000000         0.013470         2.653590
    198.000000         0.013565         2.685870
    199.000000         0.013660         2.718340
    200.000000         0.013755         2.751000
    201.000000         0.013850         2.783850
    202.000000         0.013944         2.816688
    203.000000         0.014039         2.849917
    204.000000         0.014133         2.883132
    205.000000         0.014227         2.916535
    206.000000         0.014321         2.950126
    207.000000         0.014415         2.983905
    208.000000         0.014509         3.017872
    209.000000         0.014602         3.051818
    210.000000         0.014696         3.086160
    211.000000         0.014789         3.120479
    212.000000         0.014882         3.154984
    213.000000         0.014975         3.189675
    214.000000         0.015067         3.224338
    215.000000         0.015160         3.259400
    216.000000         0.015252         3.294432
    217.000000         0.015344         3.329648
    218.000000         0.015436         3.365048
    219.000000         0.015528         3.400632
    220.000000         0.015619         3.436180
    221.000000         0.015711         3.472131
    222.000000         0.015802         3.508044
    223.000000         0.015893         3.544139
    224.000000         0.015984         3.580416
    225.000000         0.016074         3.616650
    226.000000         0.016165         3.653290
    227.000000         0.016255         3.689885
    228.000000         0.016345         3.726660
    229.000000         0.016435         3.763615
    230.000000         0.016525         3.800750
    231.000000         0.016614         3.837834
    232.000000         0.016704         3.875328
    233.000000         0.016793         3.912769
    234.000000         0.016882         3.950388
    235.000000         0.016970         3.987950
    236.000000         0.017059         4.025924
    237.000000         0.017147         4.063839
    238.000000         0.017236         4.102168
    239.000000         0.017324         4.140436
    240.000000         0.017412         4.178880
    241.000000         0.017499         4.217259
    242.000000         0.017587         4.256054
    243.000000         0.017674         4.294782
    244.000000         0.017761         4.333684
    245.000000         0.017848         4.372760
    246.000000         0.017935         4.412010
    247.000000         0.018021         4.451187
    248.000000         0.018108         4.490784
    249.000000         0.018194         4.530306
    250.000000         0.018280         4.570000
    251.000000         0.018366         4.609866
    252.000000         0.018451         4.649652
    253.000000         0.018537         4.689861
    254.000000         0.018622         4.729988
    255.000000         0.018707         4.770285
    256.000000         0.018792         4.810752
    257.000000         0.018876         4.851132
    258.000000         0.018961         4.891938
    259.000000         0.019045         4.932655
    260.000000         0.019129         4.973540
    261.000000         0.019213         5.014593
    262.000000         0.019297         5.055814
    263.000000         0.019381         5.097203
    264.000000         0.019464         5.138496
    265.000000         0.019547         5.179955
    266.000000         0.019630         5.221580
    267.000000         0.019713         5.263371
    268.000000         0.019796         5.305328
    269.000000         0.019878         5.347182
    270.000000         0.019960         5.389200
    271.000000         0.020042         5.431382
    272.000000         0.020124         5.473728
    273.000000         0.020206         5.516238
    274.000000         0.020288         5.558912
    275.000000         0.020369         5.601475
    276.000000         0.020450         5.644200
    277.000000         0.020531         5.687087
    278.000000         0.020612         5.730136
    279.000000         0.020692         5.773068
    280.000000         0.020773         5.816440
    281.000000         0.020853         5.859693
    282.000000         0.020933         5.903106
    283.000000         0.021013         5.946679
    284.000000         0.021093         5.990412
    285.000000         0.021172         6.034020
    286.000000         0.021252         6.078072
    287.000000         0.021331         6.121997
    288.000000         0.021410         6.166080
    289.000000         0.021489         6.210321
    290.000000         0.021567         6.254430
    291.000000         0.021646         6.298986
    292.000000         0.021724         6.343408
    293.000000         0.021802         6.387986
    294.000000         0.021880         6.432720
    295.000000         0.021958         6.477610
    296.000000         0.022036         6.522656
    297.000000         0.022113         6.567561
    298.000000         0.022190         6.612620
    299.000000         0.022268         6.658132
    300.000000         0.022344         6.703200
    301.000000         0.022421         6.748721
    302.000000         0.022498         6.794396
    303.000000         0.022574         6.839922
    304.000000         0.022650         6.885600
    305.000000         0.022727         6.931735
    306.000000         0.022802         6.977412
    307.000000         0.022878         7.023546
    308.000000         0.022954         7.069832
    309.000000         0.023029         7.115961
    310.000000         0.023104         7.162240
    311.000000         0.023179         7.208669
    312.000000         0.023254         7.255248
    313.000000         0.023329         7.301977
    314.000000         0.023404         7.348856
    315.000000         0.023478         7.395570
    316.000000         0.023552         7.442432
    317.000000         0.023626         7.489442
    318.000000         0.023700         7.536600
    319.000000         0.023774         7.583906
    320.000000         0.023847         7.631040
    321.000000         0.023921         7.678641
    322.000000         0.023994         7.726068
    323.000000         0.024067         7.773641
    324.000000         0.024140         7.821360
    325.000000         0.024213         7.869225
    326.000000         0.024285         7.916910
    327.000000         0.024358         7.965066
    328.000000         0.024430         8.013040
    329.000000         0.024502         8.061158
    330.000000         0.024574         8.109420
    331.000000         0.024646         8.157826
    332.000000         0.024718         8.206376
    333.000000         0.024789         8.254737
    334.000000         0.024861         8.303574
    335.000000         0.024932         8.352220
    336.000000         0.025003         8.401008
    337.000000         0.025074         8.449938
    338.000000         0.025144         8.498672
    339.000000         0.025215         8.547885
    340.000000         0.025285         8.596900
    341.000000         0.025356         8.646396
    342.000000         0.025426         8.695692
    343.000000         0.025496         8.745128
    344.000000         0.025566         8.794704
    345.000000         0.025635         8.844075
    346.000000         0.025705         8.893930
    347.000000         0.025774         8.943578
    348.000000         0.025843         8.993364
    349.000000         0.025912         9.043288
    350.000000         0.025981         9.093350
    351.000000         0.026050         9.143550
    352.000000         0.026119         9.193888
    353.000000         0.026187         9.244011
    354.000000         0.026255         9.294270
    355.000000         0.026324         9.345020
    356.000000         0.026392         9.395552
    357.000000         0.026460         9.446220
    358.000000         0.026527         9.496666
    359.000000         0.026595         9.547605
    360.000000         0.026662         9.598320
    361.000000         0.026730         9.649530
    362.000000         0.026797         9.700514
    363.000000         0.026864         9.751632
    364.000000         0.026931         9.802884
    365.000000         0.026997         9.853905
    366.000000         0.027064         9.905424
    367.000000         0.027131         9.957077
    368.000000         0.027197        10.008496
    369.000000         0.027263        10.060047
    370.000000         0.027329        10.111730
    371.000000         0.027395        10.163545
    372.000000         0.027461        10.215492
    373.000000         0.027526        10.267198
    374.000000         0.027592        10.319408
    375.000000         0.027657        10.371375
    376.000000         0.027722        10.423472
    377.000000         0.027788        10.476076
    378.000000         0.027852        10.528056
    379.000000         0.027917        10.580543
    380.000000         0.027982        10.633160
    381.000000         0.028047        10.685907
    382.000000         0.028111        10.738402
    383.000000         0.028175        10.791025
    384.000000         0.028239        10.843776
    385.000000         0.028303        10.896655
    386.000000         0.028367        10.949662
    387.000000         0.028431        11.002797
    388.000000         0.028495        11.056060
    389.000000         0.028558        11.109062
    390.000000         0.028621        11.162190
    391.000000         0.028685        11.215835
    392.000000         0.028748        11.269216
    393.000000         0.028811        11.322723
    394.000000         0.028874        11.376356
    395.000000         0.028936        11.429720
    396.000000         0.028999        11.483604
    397.000000         0.029061        11.537217
    398.000000         0.029124        11.591352
    399.000000         0.029186        11.645214
    400.000000         0.029248        11.699200
    401.000000         0.029310        11.753310
    402.000000         0.029372        11.807544
    403.000000         0.029434        11.861902
    404.000000         0.029495        11.915980
    405.000000         0.029557        11.970585
    406.000000         0.029618        12.024908
    407.000000         0.029679        12.079353
    408.000000         0.029740        12.133920
    409.000000         0.029801        12.188609
    410.000000         0.029862        12.243420
    411.000000         0.029923        12.298353
    412.000000         0.029983        12.352996
    413.000000         0.030044        12.408172
    414.000000         0.030104        12.463056
    415.000000         0.030165        12.518475
    416.000000         0.030225        12.573600
    417.000000         0.030285        12.628845
    418.000000         0.030345        12.684210
    419.000000         0.030404        12.739276
    420.000000         0.030464        12.794880
    421.000000         0.030524        12.850604
    422.000000         0.030583        12.906026
    423.000000         0.030642        12.961566
    424.000000         0.030702        13.017648
    425.000000         0.030761        13.073425
    426.000000         0.030820        13.129320
    427.000000         0.030879        13.185333
    428.000000         0.030937        13.241036
    429.000000         0.030996        13.297284
    430.000000         0.031054        13.353220
    431.000000         0.031113        13.409703
    432.000000         0.031171        13.465872
    433.000000         0.031229        13.522157
    434.000000         0.031287        13.578558
    435.000000         0.031345        13.635075
    436.000000         0.031403        13.691708
    437.000000         0.031461        13.748457
    438.000000         0.031518        13.804884
    439.000000         0.031576        13.861864
    440.000000         0.031633        13.918520
    441.000000         0.031691        13.975731
    442.000000         0.031748        14.032616
    443.000000         0.031805        14.089615
    444.000000         0.031862        14.146728
    445.000000         0.031919        14.203955
    446.000000         0.031975        14.260850
    447.000000         0.032032        14.318304
    448.000000         0.032089        14.375872
    449.000000         0.032145        14.433105
    450.000000         0.032201        14.490450
    451.000000         0.032258        14.548358
    452.000000         0.032314        14.605928
    453.000000         0.032370        14.663610
    454.000000         0.032426        14.721404
    455.000000         0.032481        14.778855
    456.000000         0.032537        14.836872
    457.000000         0.032593        14.895001
    458.000000         0.032648        14.952784
    459.000000         0.032704        15.011136
    460.000000         0.032759        15.069140
    461.000000         0.032814        15.127254
    462.000000         0.032869        15.185478
    463.000000         0.032924        15.243812
    464.000000         0.032979        15.302256
    465.000000         0.033034        15.360810
    466.000000         0.033088        15.419008
    467.000000         0.033143        15.477781
    468.000000         0.033197        15.536196
    469.000000         0.033252        15.595188
    470.000000         0.033306        15.653820
    471.000000         0.033360        15.712560
    472.000000         0.033414        15.771408
    473.000000         0.033468        15.830364
    474.000000         0.033522        15.889428
    475.000000         0.033576        15.948600
    476.000000         0.033630        16.007880
    477.000000         0.033683        16.066791
    478.000000         0.033737        16.126286
    479.000000         0.033790        16.185410
    480.000000         0.033843        16.244640
    481.000000         0.033897        16.304457
    482.000000         0.033950        16.363900
    483.000000         0.034003        16.423449
    484.000000         0.034056        16.483104
    485.000000         0.034109        16.542865
    486.000000         0.034161        16.602246
    487.000000         0.034214        16.662218
    488.000000         0.034266        16.721808
    489.000000         0.034319        16.781991
    490.000000         0.034371        16.841790
    491.000000         0.034423        16.901693
    492.000000         0.034476        16.962192
    493.000000         0.034528        17.022304
    494.000000         0.034580        17.082520
    495.000000         0.034632        17.142840
    496.000000         0.034683        17.202768
    497.000000         0.034735        17.263295
    498.000000         0.034787        17.323926
    499.000000         0.034838        17.384162
    500.000000         0.034890        17.445000
    501.000000         0.034941        17.505441
    502.000000         0.034992        17.565984
    503.000000         0.035043        17.626629
    504.000000         0.035095        17.687880
    505.000000         0.035146        17.748730
    506.000000         0.035196        17.809176
    507.000000         0.035247        17.870229
    508.000000         0.035298        17.931384
    509.000000         0.035349        17.992641
    510.000000         0.035399        18.053490
    511.000000         0.035450        18.114950
    512.000000         0.035500        18.176000
    513.000000         0.035550        18.237150
    514.000000         0.035601        18.298914
    515.000000         0.035651        18.360265
    516.000000         0.035701        18.421716
    517.000000         0.035751        18.483267
    518.000000         0.035801        18.544918
    519.000000         0.035850        18.606150
    520.000000         0.035900        18.668000
    521.000000         0.035950        18.729950
    522.000000         0.035999        18.791478
    523.000000         0.036049        18.853627
    524.000000         0.036098        18.915352
    525.000000         0.036147        18.977175
    526.000000         0.036196        19.039096
    527.000000         0.036246        19.101642
    528.000000         0.036295        19.163760
    529.000000         0.036344        19.225976
    530.000000         0.036392        19.287760
    531.000000         0.036441        19.350171
    532.000000         0.036490        19.412680
    533.000000         0.036538        19.474754
    534.000000         0.036587        19.537458
    535.000000         0.036635        19.599725
    536.000000         0.036684        19.662624
    537.000000         0.036732        19.725084
    538.000000         0.036780        19.787640
    539.000000         0.036829        19.850831
    540.000000         0.036877        19.913580
    541.000000         0.036925        19.976425
    542.000000         0.036972        20.038824
    543.000000         0.037020        20.101860
    544.000000         0.037068        20.164992
    545.000000         0.037116        20.228220
    546.000000         0.037163        20.290998
    547.000000         0.037211        20.354417
    548.000000         0.037258        20.417384
    549.000000         0.037306        20.480994
    550.000000         0.037353        20.544150
    551.000000         0.037400        20.607400
    552.000000         0.037447        20.670744
    553.000000         0.037494        20.734182
    554.000000         0.037541        20.797714
    555.000000         0.037588        20.861340
    556.000000         0.037635        20.925060
    557.000000         0.037682        20.988874
    558.000000         0.037728        21.052224
    559.000000         0.037775        21.116225
    560.000000         0.037821        21.179760
    561.000000         0.037868        21.243948
    562.000000         0.037914        21.307668
    563.000000         0.037961        21.372043
    564.000000         0.038007        21.435948
    565.000000         0.038053        21.499945
    566.000000         0.038099        21.564034
    567.000000         0.038145        21.628215
    568.000000         0.038191        21.692488
    569.000000         0.038237        21.756853
    570.000000         0.038283        21.821310
    571.000000         0.038328        21.885288
    572.000000         0.038374        21.949928
    573.000000         0.038419        22.014087
    574.000000         0.038465        22.078910
    575.000000         0.038510        22.143250
    576.000000         0.038556        22.208256
    577.000000         0.038601        22.272777
    578.000000         0.038646        22.337388
    579.000000         0.038691        22.402089
    580.000000         0.038736        22.466880
    581.000000         0.038781        22.531761
    582.000000         0.038826        22.596732
    583.000000         0.038871        22.661793
    584.000000         0.038916        22.726944
    585.000000         0.038961        22.792185
    586.000000         0.039005        22.856930
    587.000000         0.039050        22.922350
    588.000000         0.039094        22.987272
    589.000000         0.039139        23.052871
    590.000000         0.039183        23.117970
    591.000000         0.039228        23.183748
    592.000000         0.039272        23.249024
    593.000000         0.039316        23.314388
    594.000000         0.039360        23.379840
    595.000000         0.039404        23.445380
    596.000000         0.039448        23.511008
    597.000000         0.039492        23.576724
    598.000000         0.039536        23.642528
    599.000000         0.039580        23.708420
    600.000000         0.039623        23.773800
    601.000000         0.039667        23.839867
    602.000000         0.039711        23.906022
    603.000000         0.039754        23.971662
    604.000000         0.039797        24.037388
    605.000000         0.039841        24.103805
    606.000000         0.039884        24.169704
    607.000000         0.039927        24.235689
    608.000000         0.039971        24.302368
    609.000000         0.040014        24.368526
    610.000000         0.040057        24.434770
    611.000000         0.040100        24.501100
    612.000000         0.040143        24.567516
    613.000000         0.040185        24.633405
    614.000000         0.040228        24.699992
    615.000000         0.040271        24.766665
    616.000000         0.040314        24.833424
    617.000000         0.040356        24.899652
    618.000000         0.040399        24.966582
    619.000000         0.040441        25.032979
    620.000000         0.040484        25.100080
    621.000000         0.040526        25.166646
    622.000000         0.040568        25.233296
    623.000000         0.040611        25.300653
    624.000000         0.040653        25.367472
    625.000000         0.040695        25.434375
    626.000000         0.040737        25.501362
    627.000000         0.040779        25.568433
    628.000000         0.040821        25.635588
    629.000000         0.040863        25.702827
    630.000000         0.040904        25.769520
    631.000000         0.040946        25.836926
    632.000000         0.040988        25.904416
    633.000000         0.041029        25.971357
    634.000000         0.041071        26.039014
    635.000000         0.041112        26.106120
    636.000000         0.041154        26.173944
    637.000000         0.041195        26.241215
    638.000000         0.041236        26.308568
    639.000000         0.041278        26.376642
    640.000000         0.041319        26.444160
    641.000000         0.041360        26.511760
    642.000000         0.041401        26.579442
    643.000000         0.041442        26.647206
    644.000000         0.041483        26.715052
    645.000000         0.041524        26.782980
    646.000000         0.041565        26.850990
    647.000000         0.041606        26.919082
    648.000000         0.041646        26.986608
    649.000000         0.041687        27.054863
    650.000000         0.041728        27.123200
    651.000000         0.041768        27.190968
    652.000000         0.041809        27.259468
    653.000000         0.041849        27.327397
    654.000000         0.041889        27.395406
    655.000000         0.041930        27.464150
    656.000000         0.041970        27.532320
    657.000000         0.042010        27.600570
    658.000000         0.042050        27.668900
    659.000000         0.042090        27.737310
    660.000000         0.042130        27.805800
    661.000000         0.042170        27.874370
    662.000000         0.042210        27.943020
    663.000000         0.042250        28.011750
    664.000000         0.042290        28.080560
    665.000000         0.042330        28.149450
    666.000000         0.042369        28.217754
    667.000000         0.042409        28.286803
    668.000000         0.042449        28.355932
    669.000000         0.042488        28.424472
    670.000000         0.042528        28.493760
    671.000000         0.042567        28.562457
    672.000000         0.042607        28.631904
    673.000000         0.042646        28.700758
    674.000000         0.042685        28.769690
    675.000000         0.042724        28.838700
    676.000000         0.042763        28.907788
    677.000000         0.042803        28.977631
    678.000000         0.042842        29.046876
    679.000000         0.042881        29.116199
    680.000000         0.042920        29.185600
    681.000000         0.042958        29.254398
    682.000000         0.042997        29.323954
    683.000000         0.043036        29.393588
    684.000000         0.043075        29.463300
    685.000000         0.043113        29.532405
    686.000000         0.043152        29.602272
    687.000000         0.043191        29.672217
    688.000000         0.043229        29.741552
    689.000000         0.043268        29.811652
    690.000000         0.043306        29.881140
    691.000000         0.043344        29.950704
    692.000000         0.043383        30.021036
    693.000000         0.043421        30.090753
    694.000000         0.043459        30.160546
    695.000000         0.043497        30.230415
    696.000000         0.043535        30.300360
    697.000000         0.043573        30.370381
    698.000000         0.043611        30.440478
    699.000000         0.043649        30.510651
    700.000000         0.043687        30.580900
    701.000000         0.043725        30.651225
    702.000000         0.043763        30.721626
    703.000000         0.043801        30.792103
    704.000000         0.043838        30.861952
    705.000000         0.043876        30.932580
    706.000000         0.043914        31.003284
    707.000000         0.043951        31.073357
    708.000000         0.043989        31.144212
    709.000000         0.044026        31.214434
    710.000000         0.044064        31.285440
    711.000000         0.044101        31.355811
    712.000000         0.044138        31.426256
    713.000000         0.044175        31.496775
    714.000000         0.044213        31.568082
    715.000000         0.044250        31.638750
    716.000000         0.044287        31.709492
    717.000000         0.044324        31.780308
    718.000000         0.044361        31.851198
    719.000000         0.044398        31.922162
    720.000000         0.044435        31.993200
    721.000000         0.044472        32.064312
    722.000000         0.044508        32.134776
    723.000000         0.044545        32.206035
    724.000000         0.044582        32.277368
    725.000000         0.044619        32.348775
    726.000000         0.044655        32.419530
    727.000000         0.044692        32.491084
    728.000000         0.044728        32.561984
    729.000000         0.044765        32.633685
    730.000000         0.044801        32.704730
    731.000000         0.044838        32.776578
    732.000000         0.044874        32.847768
    733.000000         0.044910        32.919030
    734.000000         0.044947        32.991098
    735.000000         0.044983        33.062505
    736.000000         0.045019        33.133984
    737.000000         0.045055        33.205535
    738.000000         0.045091        33.277158
    739.000000         0.045127        33.348853
    740.000000         0.045163        33.420620
    741.000000         0.045199        33.492459
    742.000000         0.045235        33.564370
    743.000000         0.045271        33.636353
    744.000000         0.045307        33.708408
    745.000000         0.045342        33.779790
    746.000000         0.045378        33.851988
    747.000000         0.045414        33.924258
    748.000000         0.045449        33.995852
    749.000000         0.045485        34.068265
    750.000000         0.045520        34.140000
    751.000000         0.045556        34.212556
    752.000000         0.045591        34.284432
    753.000000         0.045627        34.357131
    754.000000         0.045662        34.429148
    755.000000         0.045697        34.501235
    756.000000         0.045733        34.574148
    757.000000         0.045768        34.646376
    758.000000         0.045803        34.718674
    759.000000         0.045838        34.791042
    760.000000         0.045873        34.863480
    761.000000         0.045908        34.935988
    762.000000         0.045943        35.008566
    763.000000         0.045978        35.081214
    764.000000         0.046013        35.153932
    765.000000         0.046048        35.226720
    766.000000         0.046083        35.299578
    767.000000         0.046117        35.371739
    768.000000         0.046152        35.444736
    769.000000         0.046187        35.517803
    770.000000         0.046222        35.590940
    771.000000         0.046256        35.663376
    772.000000         0.046291        35.736652
    773.000000         0.046325        35.809225
    774.000000         0.046360        35.882640
    775.000000         0.046394        35.955350
    776.000000         0.046429        36.028904
    777.000000         0.046463        36.101751
    778.000000         0.046497        36.174666
    779.000000         0.046531        36.247649
    780.000000         0.046566        36.321480
    781.000000         0.046600        36.394600
    782.000000         0.046634        36.467788
    783.000000         0.046668        36.541044
    784.000000         0.046702        36.614368
    785.000000         0.046736        36.687760
    786.000000         0.046770        36.761220
    787.000000         0.046804        36.834748
    788.000000         0.046838        36.908344
    789.000000         0.046872        36.982008
    790.000000         0.046906        37.055740
    791.000000         0.046939        37.128749
    792.000000         0.046973        37.202616
    793.000000         0.047007        37.276551
    794.000000         0.047041        37.350554
    795.000000         0.047074        37.423830
    796.000000         0.047108        37.497968
    797.000000         0.047141        37.571377
    798.000000         0.047175        37.645650
    799.000000         0.047208        37.719192
    800.000000         0.047242        37.793600
    801.000000         0.047275        37.867275
    802.000000         0.047308        37.941016
    803.000000         0.047342        38.015626
    804.000000         0.047375        38.089500
    805.000000         0.047408        38.163440
    806.000000         0.047441        38.237446
    807.000000         0.047474        38.311518
    808.000000         0.047508        38.386464
    809.000000         0.047541        38.460669
    810.000000         0.047574        38.534940
    811.000000         0.047607        38.609277
    812.000000         0.047640        38.683680
    813.000000         0.047672        38.757336
    814.000000         0.047705        38.831870
    815.000000         0.047738        38.906470
    816.000000         0.047771        38.981136
    817.000000         0.047804        39.055868
    818.000000         0.047836        39.129848
    819.000000         0.047869        39.204711
    820.000000         0.047902        39.279640
    821.000000         0.047934        39.353814
    822.000000         0.047967        39.428874
    823.000000         0.047999        39.503177
    824.000000         0.048032        39.578368
    825.000000         0.048064        39.652800
    826.000000         0.048097        39.728122
    827.000000         0.048129        39.802683
    828.000000         0.048161        39.877308
    829.000000         0.048194        39.952826
    830.000000         0.048226        40.027580
    831.000000         0.048258        40.102398
    832.000000         0.048290        40.177280
    833.000000         0.048323        40.253059
    834.000000         0.048355        40.328070
    835.000000         0.048387        40.403145
    836.000000         0.048419        40.478284
    837.000000         0.048451        40.553487
    838.000000         0.048483        40.628754
    839.000000         0.048515        40.704085
    840.000000         0.048547        40.779480
    841.000000         0.048579        40.854939
    842.000000         0.048610        40.929620
    843.000000         0.048642        41.005206
    844.000000         0.048674        41.080856
    845.000000         0.048706        41.156570
    846.000000         0.048737        41.231502
    847.000000         0.048769        41.307343
    848.000000         0.048801        41.383248
    849.000000         0.048832        41.458368
    850.000000         0.048864        41.534400
    851.000000         0.048895        41.609645
    852.000000         0.048927        41.685804
    853.000000         0.048958        41.761174
    854.000000         0.048989        41.836606
    855.000000         0.049021        41.912955
    856.000000         0.049052        41.988512
    857.000000         0.049083        42.064131
    858.000000         0.049115        42.140670
    859.000000         0.049146        42.216414
    860.000000         0.049177        42.292220
    861.000000         0.049208        42.368088
    862.000000         0.049239        42.444018
    863.000000         0.049271        42.520873
    864.000000         0.049302        42.596928
    865.000000         0.049333        42.673045
    866.000000         0.049364        42.749224
    867.000000         0.049394        42.824598
    868.000000         0.049425        42.900900
    869.000000         0.049456        42.977264
    870.000000         0.049487        43.053690
    871.000000         0.049518        43.130178
    872.000000         0.049549        43.206728
    873.000000         0.049579        43.282467
    874.000000         0.049610        43.359140
    875.000000         0.049641        43.435875
    876.000000         0.049671        43.511796
    877.000000         0.049702        43.588654
    878.000000         0.049733        43.665574
    879.000000         0.049763        43.741677
    880.000000         0.049794        43.818720
    881.000000         0.049824        43.894944
    882.000000         0.049855        43.972110
    883.000000         0.049885        44.048455
    884.000000         0.049915        44.124860
    885.000000         0.049946        44.202210
    886.000000         0.049976        44.278736
    887.000000         0.050006        44.355322
    888.000000         0.050037        44.432856
    889.000000         0.050067        44.509563
    890.000000         0.050097        44.586330
    891.000000         0.050127        44.663157
    892.000000         0.050157        44.740044
    893.000000         0.050187        44.816991
    894.000000         0.050217        44.893998
    895.000000         0.050247        44.971065
    896.000000         0.050277        45.048192
    897.000000         0.050307        45.125379
    898.000000         0.050337        45.202626
    899.000000         0.050367        45.279933
    900.000000         0.050397        45.357300
    901.000000         0.050427        45.434727
    902.000000         0.050457        45.512214
    903.000000         0.050486        45.588858
    904.000000         0.050516        45.666464
    905.000000         0.050546        45.744130
    906.000000         0.050576        45.821856
    907.000000         0.050605        45.898735
    908.000000         0.050635        45.976580
    909.000000         0.050664        46.053576
    910.000000         0.050694        46.131540
    911.000000         0.050723        46.208653
    912.000000         0.050753        46.286736
    913.000000         0.050782        46.363966
    914.000000         0.050812        46.442168
    915.000000         0.050841        46.519515
    916.000000         0.050870        46.596920
    917.000000         0.050900        46.675300
    918.000000         0.050929        46.752822
    919.000000         0.050958        46.830402
    920.000000         0.050988        46.908960
    921.000000         0.051017        46.986657
    922.000000         0.051046        47.064412
    923.000000         0.051075        47.142225
    924.000000         0.051104        47.220096
    925.000000         0.051133        47.298025
    926.000000         0.051162        47.376012
    927.000000         0.051191        47.454057
    928.000000         0.051220        47.532160
    929.000000         0.051249        47.610321
    930.000000         0.051278        47.688540
    931.000000         0.051307        47.766817
    932.000000         0.051336        47.845152
    933.000000         0.051365        47.923545
    934.000000         0.051394        48.001996
    935.000000         0.051422        48.079570
    936.000000         0.051451        48.158136
    937.000000         0.051480        48.236760
    938.000000         0.051509        48.315442
    939.000000         0.051537        48.393243
    940.000000         0.051566        48.472040
    941.000000         0.051595        48.550895
    942.000000         0.051623        48.628866
    943.000000         0.051652        48.707836
    944.000000         0.051680        48.785920
    945.000000         0.051709        48.865005
    946.000000         0.051737        48.943202
    947.000000         0.051766        49.022402
    948.000000         0.051794        49.100712
    949.000000         0.051822        49.179078
    950.000000         0.051851        49.258450
    951.000000         0.051879        49.336929
    952.000000         0.051907        49.415464
    953.000000         0.051936        49.495008
    954.000000         0.051964        49.573656
    955.000000         0.051992        49.652360
    956.000000         0.052020        49.731120
    957.000000         0.052048        49.809936
    958.000000         0.052076        49.888808
    959.000000         0.052105        49.968695
    960.000000         0.052133        50.047680
    961.000000         0.052161        50.126721
    962.000000         0.052189        50.205818
    963.000000         0.052217        50.284971
    964.000000         0.052245        50.364180
    965.000000         0.052272        50.442480
    966.000000         0.052300        50.521800
    967.000000         0.052328        50.601176
    968.000000         0.052356        50.680608
    969.000000         0.052384        50.760096
    970.000000         0.052412        50.839640
    971.000000         0.052439        50.918269
    972.000000         0.052467        50.997924
    973.000000         0.052495        51.077635
    974.000000         0.052522        51.156428
    975.000000         0.052550        51.236250
    976.000000         0.052578        51.316128
    977.000000         0.052605        51.395085
    978.000000         0.052633        51.475074
    979.000000         0.052660        51.554140
    980.000000         0.052688        51.634240
    981.000000         0.052715        51.713415
    982.000000         0.052743        51.793626
    983.000000         0.052770        51.872910
    984.000000         0.052798        51.953232
    985.000000         0.052825        52.032625
    986.000000         0.052852        52.112072
    987.000000         0.052880        52.192560
    988.000000         0.052907        52.272116
    989.000000         0.052934        52.351726
    990.000000         0.052961        52.431390
    991.000000         0.052989        52.512099
    992.000000         0.053016        52.591872
    993.000000         0.053043        52.671699
    994.000000         0.053070        52.751580
    995.000000         0.053097        52.831515
    996.000000         0.053124        52.911504
    997.000000         0.053151        52.991547
    998.000000         0.053178        53.071644
    999.000000         0.053205        53.151795
   1000.000000         0.053232        53.232000
   1001.000000         0.053259        53.312259
   1002.000000         0.053286        53.392572
   1003.000000         0.053313        53.472939
   1004.000000         0.053340        53.553360
   1005.000000         0.053367        53.633835
   1006.000000         0.053394        53.714364
   1007.000000         0.053420        53.793940
   1008.000000         0.053447        53.874576
   1009.000000         0.053474        53.955266
   1010.000000         0.053501        54.036010
   1011.000000         0.053527        54.115797
   1012.000000         0.053554        54.196648
   1013.000000         0.053581        54.277553
   1014.000000         0.053607        54.357498
   1015.000000         0.053634        54.438510
   1016.000000         0.053660        54.518560
   1017.000000         0.053687        54.599679
   1018.000000         0.053714        54.680852
   1019.000000         0.053740        54.761060
   1020.000000         0.053766        54.841320
   1021.000000         0.053793        54.922653
   1022.000000         0.053819        55.003018
   1023.000000         0.053846        55.084458
   1024.000000         0.053872        55.164928
   1025.000000         0.053898        55.245450
   1026.000000         0.053925        55.327050
   1027.000000         0.053951        55.407677
   1028.000000         0.053977        55.488356
   1029.000000         0.054003        55.569087
   1030.000000         0.054030        55.650900
   1031.000000         0.054056        55.731736
   1032.000000         0.054082        55.812624
   1033.000000         0.054108        55.893564
   1034.000000         0.054134        55.974556
   1035.000000         0.054160        56.055600
   1036.000000         0.054186        56.136696
   1037.000000         0.054212        56.217844
   1038.000000         0.054239        56.300082
   1039.000000         0.054264        56.380296
   1040.000000         0.054290        56.461600
   1041.000000         0.054316        56.542956
   1042.000000         0.054342        56.624364
   1043.000000         0.054368        56.705824
   1044.000000         0.054394        56.787336
   1045.000000         0.054420        56.868900
   1046.000000         0.054446        56.950516
   1047.000000         0.054472        57.032184
   1048.000000         0.054497        57.112856
   1049.000000         0.054523        57.194627
   1050.000000         0.054549        57.276450
   1051.000000         0.054575        57.358325
   1052.000000         0.054600        57.439200
   1053.000000         0.054626        57.521178
   1054.000000         0.054651        57.602154
   1055.000000         0.054677        57.684235
   1056.000000         0.054703        57.766368
   1057.000000         0.054728        57.847496
   1058.000000         0.054754        57.929732
   1059.000000         0.054779        58.010961
   1060.000000         0.054805        58.093300
   1061.000000         0.054830        58.174630
   1062.000000         0.054856        58.257072
   1063.000000         0.054881        58.338503
   1064.000000         0.054907        58.421048
   1065.000000         0.054932        58.502580
   1066.000000         0.054957        58.584162
   1067.000000         0.054983        58.666861
   1068.000000         0.055008        58.748544
   1069.000000         0.055033        58.830277
   1070.000000         0.055058        58.912060
   1071.000000         0.055084        58.994964
   1072.000000         0.055109        59.076848
   1073.000000         0.055134        59.158782
   1074.000000         0.055159        59.240766
   1075.000000         0.055184        59.322800
   1076.000000         0.055210        59.405960
   1077.000000         0.055235        59.488095
   1078.000000         0.055260        59.570280
   1079.000000         0.055285        59.652515
   1080.000000         0.055310        59.734800
   1081.000000         0.055335        59.817135
   1082.000000         0.055360        59.899520
   1083.000000         0.055385        59.981955
   1084.000000         0.055410        60.064440
   1085.000000         0.055435        60.146975
   1086.000000         0.055459        60.228474
   1087.000000         0.055484        60.311108
   1088.000000         0.055509        60.393792
   1089.000000         0.055534        60.476526
   1090.000000         0.055559        60.559310
   1091.000000         0.055584        60.642144
   1092.000000         0.055608        60.723936
   1093.000000         0.055633        60.806869
   1094.000000         0.055658        60.889852
   1095.000000         0.055683        60.972885
   1096.000000         0.055707        61.054872
   1097.000000         0.055732        61.138004
   1098.000000         0.055757        61.221186
   1099.000000         0.055781        61.303319
   1100.000000         0.055806        61.386600
   1101.000000         0.055830        61.468830
   1102.000000         0.055855        61.552210
   1103.000000         0.055879        61.634537
   1104.000000         0.055904        61.718016
   1105.000000         0.055928        61.800440
   1106.000000         0.055953        61.884018
   1107.000000         0.055977        61.966539
   1108.000000         0.056002        62.050216
   1109.000000         0.056026        62.132834
   1110.000000         0.056050        62.215500
   1111.000000         0.056075        62.299325
   1112.000000         0.056099        62.382088
   1113.000000         0.056123        62.464899
   1114.000000         0.056148        62.548872
   1115.000000         0.056172        62.631780
   1116.000000         0.056196        62.714736
   1117.000000         0.056220        62.797740
   1118.000000         0.056245        62.881910
   1119.000000         0.056269        62.965011
   1120.000000         0.056293        63.048160
   1121.000000         0.056317        63.131357
   1122.000000         0.056341        63.214602
   1123.000000         0.056365        63.297895
   1124.000000         0.056389        63.381236
   1125.000000         0.056414        63.465750
   1126.000000         0.056438        63.549188
   1127.000000         0.056462        63.632674
   1128.000000         0.056486        63.716208
   1129.000000         0.056510        63.799790
   1130.000000         0.056533        63.882290
   1131.000000         0.056557        63.965967
   1132.000000         0.056581        64.049692
   1133.000000         0.056605        64.133465
   1134.000000         0.056629        64.217286
   1135.000000         0.056653        64.301155
   1136.000000         0.056677        64.385072
   1137.000000         0.056701        64.469037
   1138.000000         0.056724        64.551912
   1139.000000         0.056748        64.635972
   1140.000000         0.056772        64.720080
   1141.000000         0.056796        64.804236
   1142.000000         0.056819        64.887298
   1143.000000         0.056843        64.971549
   1144.000000         0.056867        65.055848
   1145.000000         0.056890        65.139050
   1146.000000         0.056914        65.223444
   1147.000000         0.056938        65.307886
   1148.000000         0.056961        65.391228
   1149.000000         0.056985        65.475765
   1150.000000         0.057008        65.559200
   1151.000000         0.057032        65.643832
   1152.000000         0.057055        65.727360
   1153.000000         0.057079        65.812087
   1154.000000         0.057102        65.895708
   1155.000000         0.057126        65.980530
   1156.000000         0.057149        66.064244
   1157.000000         0.057173        66.149161
   1158.000000         0.057196        66.232968
   1159.000000         0.057219        66.316821
   1160.000000         0.057243        66.401880
   1161.000000         0.057266        66.485826
   1162.000000         0.057289        66.569818
   1163.000000         0.057313        66.655019
   1164.000000         0.057336        66.739104
   1165.000000         0.057359        66.823235
   1166.000000         0.057382        66.907412
   1167.000000         0.057406        66.992802
   1168.000000         0.057429        67.077072
   1169.000000         0.057452        67.161388
   1170.000000         0.057475        67.245750
   1171.000000         0.057498        67.330158
   1172.000000         0.057521        67.414612
   1173.000000         0.057544        67.499112
   1174.000000         0.057567        67.583658
   1175.000000         0.057591        67.669425
   1176.000000         0.057614        67.754064
   1177.000000         0.057637        67.838749
   1178.000000         0.057660        67.923480
   1179.000000         0.057683        68.008257
   1180.000000         0.057706        68.093080
   1181.000000         0.057728        68.176768
   1182.000000         0.057751        68.261682
   1183.000000         0.057774        68.346642
   1184.000000         0.057797        68.431648
   1185.000000         0.057820        68.516700
   1186.000000         0.057843        68.601798
   1187.000000         0.057866        68.686942
   1188.000000         0.057889        68.772132
   1189.000000         0.057911        68.856179
   1190.000000         0.057934        68.941460
   1191.000000         0.057957        69.026787
   1192.000000         0.057980        69.112160
   1193.000000         0.058002        69.196386
   1194.000000         0.058025        69.281850
   1195.000000         0.058048        69.367360
   1196.000000         0.058070        69.451720
   1197.000000         0.058093        69.537321
   1198.000000         0.058116        69.622968
   1199.000000         0.058138        69.707462
   1200.000000         0.058161        69.793200
   1201.000000         0.058183        69.877783
   1202.000000         0.058206        69.963612
   1203.000000         0.058228        70.048284
   1204.000000         0.058251        70.134204
   1205.000000         0.058273        70.218965
   1206.000000         0.058296        70.304976
   1207.000000         0.058318        70.389826
   1208.000000         0.058341        70.475928
   1209.000000         0.058363        70.560867
   1210.000000         0.058386        70.647060
   1211.000000         0.058408        70.732088
   1212.000000         0.058430        70.817160
   1213.000000         0.058453        70.903489
   1214.000000         0.058475        70.988650
   1215.000000         0.058497        71.073855
   1216.000000         0.058520        71.160320
   1217.000000         0.058542        71.245614
   1218.000000         0.058564        71.330952
   1219.000000         0.058587        71.417553
   1220.000000         0.058609        71.502980
   1221.000000         0.058631        71.588451
   1222.000000         0.058653        71.673966
   1223.000000         0.058675        71.759525
   1224.000000         0.058697        71.845128
   1225.000000         0.058720        71.932000
   1226.000000         0.058742        72.017692
   1227.000000         0.058764        72.103428
   1228.000000         0.058786        72.189208
   1229.000000         0.058808        72.275032
   1230.000000         0.058830        72.360900
   1231.000000         0.058852        72.446812
   1232.000000         0.058874        72.532768
   1233.000000         0.058896        72.618768
   1234.000000         0.058918        72.704812
   1235.000000         0.058940        72.790900
   1236.000000         0.058962        72.877032
   1237.000000         0.058984        72.963208
   1238.000000         0.059006        73.049428
   1239.000000         0.059028        73.135692
   1240.000000         0.059050        73.222000
   1241.000000         0.059071        73.307111
   1242.000000         0.059093        73.393506
   1243.000000         0.059115        73.479945
   1244.000000         0.059137        73.566428
   1245.000000         0.059159        73.652955
   1246.000000         0.059180        73.738280
   1247.000000         0.059202        73.824894
   1248.000000         0.059224        73.911552
   1249.000000         0.059246        73.998254
   1250.000000         0.059267        74.083750
   1251.000000         0.059289        74.170539
   1252.000000         0.059311        74.257372
   1253.000000         0.059332        74.342996
   1254.000000         0.059354        74.429916
   1255.000000         0.059376        74.516880
   1256.000000         0.059397        74.602632
   1257.000000         0.059419        74.689683
   1258.000000         0.059440        74.775520
   1259.000000         0.059462        74.862658
   1260.000000         0.059483        74.948580
   1261.000000         0.059505        75.035805
   1262.000000         0.059526        75.121812
   1263.000000         0.059548        75.209124
   1264.000000         0.059569        75.295216
   1265.000000         0.059591        75.382615
   1266.000000         0.059612        75.468792
   1267.000000         0.059634        75.556278
   1268.000000         0.059655        75.642540
   1269.000000         0.059677        75.730113
   1270.000000         0.059698        75.816460
   1271.000000         0.059719        75.902849
   1272.000000         0.059741        75.990552
   1273.000000         0.059762        76.077026
   1274.000000         0.059783        76.163542
   1275.000000         0.059804        76.250100
   1276.000000         0.059826        76.337976
   1277.000000         0.059847        76.424619
   1278.000000         0.059868        76.511304
   1279.000000         0.059889        76.598031
   1280.000000         0.059911        76.686080
   1281.000000         0.059932        76.772892
   1282.000000         0.059953        76.859746
   1283.000000         0.059974        76.946642
   1284.000000         0.059995        77.033580
   1285.000000         0.060016        77.120560
   1286.000000         0.060038        77.208868
   1287.000000         0.060059        77.295933
   1288.000000         0.060080        77.383040
   1289.000000         0.060101        77.470189
   1290.000000         0.060122        77.557380
   1291.000000         0.060143        77.644613
   1292.000000         0.060164        77.731888
   1293.000000         0.060185        77.819205
   1294.000000         0.060206        77.906564
   1295.000000         0.060227        77.993965
   1296.000000         0.060248        78.081408
   1297.000000         0.060269        78.168893
   1298.000000         0.060290        78.256420
   1299.000000         0.060311        78.343989
   1300.000000         0.060331        78.430300
   1301.000000         0.060352        78.517952
   1302.000000         0.060373        78.605646
   1303.000000         0.060394        78.693382
   1304.000000         0.060415        78.781160
   1305.000000         0.060436        78.868980
   1306.000000         0.060456        78.955536
   1307.000000         0.060477        79.043439
   1308.000000         0.060498        79.131384
   1309.000000         0.060519        79.219371
   1310.000000         0.060539        79.306090
   1311.000000         0.060560        79.394160
   1312.000000         0.060581        79.482272
   1313.000000         0.060601        79.569113
   1314.000000         0.060622        79.657308
   1315.000000         0.060643        79.745545
   1316.000000         0.060663        79.832508
   1317.000000         0.060684        79.920828
   1318.000000         0.060705        80.009190
   1319.000000         0.060725        80.096275
   1320.000000         0.060746        80.184720
   1321.000000         0.060766        80.271886
   1322.000000         0.060787        80.360414
   1323.000000         0.060807        80.447661
   1324.000000         0.060828        80.536272
   1325.000000         0.060848        80.623600
   1326.000000         0.060869        80.712294
   1327.000000         0.060889        80.799703
   1328.000000         0.060910        80.888480
   1329.000000         0.060930        80.975970
   1330.000000         0.060951        81.064830
   1331.000000         0.060971        81.152401
   1332.000000         0.060992        81.241344
   1333.000000         0.061012        81.328996
   1334.000000         0.061032        81.416688
   1335.000000         0.061053        81.505755
   1336.000000         0.061073        81.593528
   1337.000000         0.061093        81.681341
   1338.000000         0.061114        81.770532
   1339.000000         0.061134        81.858426
   1340.000000         0.061154        81.946360
   1341.000000         0.061174        82.034334
   1342.000000         0.061195        82.123690
   1343.000000         0.061215        82.211745
   1344.000000         0.061235        82.299840
   1345.000000         0.061255        82.387975
   1346.000000         0.061275        82.476150
   1347.000000         0.061296        82.565712
   1348.000000         0.061316        82.653968
   1349.000000         0.061336        82.742264
   1350.000000         0.061356        82.830600
   1351.000000         0.061376        82.918976
   1352.000000         0.061396        83.007392
   1353.000000         0.061416        83.095848
   1354.000000         0.061436        83.184344
   1355.000000         0.061456        83.272880
   1356.000000         0.061476        83.361456
   1357.000000         0.061496        83.450072
   1358.000000         0.061516        83.538728
   1359.000000         0.061536        83.627424
   1360.000000         0.061556        83.716160
   1361.000000         0.061576        83.804936
   1362.000000         0.061596        83.893752
   1363.000000         0.061616        83.982608
   1364.000000         0.061636        84.071504
   1365.000000         0.061656        84.160440
   1366.000000         0.061676        84.249416
   1367.000000         0.061696        84.338432
   1368.000000         0.061716        84.427488
   1369.000000         0.061736        84.516584
   1370.000000         0.061755        84.604350
   1371.000000         0.061775        84.693525
   1372.000000         0.061795        84.782740
   1373.000000         0.061815        84.871995
   1374.000000         0.061835        84.961290
   1375.000000         0.061854        85.049250
   1376.000000         0.061874        85.138624
   1377.000000         0.061894        85.228038
   1378.000000         0.061914        85.317492
   1379.000000         0.061933        85.405607
   1380.000000         0.061953        85.495140
   1381.000000         0.061973        85.584713
   1382.000000         0.061992        85.672944
   1383.000000         0.062012        85.762596
   1384.000000         0.062032        85.852288
   1385.000000         0.062051        85.940635
   1386.000000         0.062071        86.030406
   1387.000000         0.062091        86.120217
   1388.000000         0.062110        86.208680
   1389.000000         0.062130        86.298570
   1390.000000         0.062149        86.387110
   1391.000000         0.062169        86.477079
   1392.000000         0.062188        86.565696
   1393.000000         0.062208        86.655744
   1394.000000         0.062227        86.744438
   1395.000000         0.062247        86.834565
   1396.000000         0.062266        86.923336
   1397.000000         0.062286        87.013542
   1398.000000         0.062305        87.102390
   1399.000000         0.062325        87.192675
   1400.000000         0.062344        87.281600
   1401.000000         0.062363        87.370563
   1402.000000         0.062383        87.460966
   1403.000000         0.062402        87.550006
   1404.000000         0.062422        87.640488
   1405.000000         0.062441        87.729605
   1406.000000         0.062460        87.818760
   1407.000000         0.062480        87.909360
   1408.000000         0.062499        87.998592
   1409.000000         0.062518        88.087862
   1410.000000         0.062537        88.177170
   1411.000000         0.062557        88.267927
   1412.000000         0.062576        88.357312
   1413.000000         0.062595        88.446735
   1414.000000         0.062614        88.536196
   1415.000000         0.062634        88.627110
   1416.000000         0.062653        88.716648
   1417.000000         0.062672        88.806224
   1418.000000         0.062691        88.895838
   1419.000000         0.062710        88.985490
   1420.000000         0.062730        89.076600
   1421.000000         0.062749        89.166329
   1422.000000         0.062768        89.256096
   1423.000000         0.062787        89.345901
   1424.000000         0.062806        89.435744
   1425.000000         0.062825        89.525625
   1426.000000         0.062844        89.615544
   1427.000000         0.062863        89.705501
   1428.000000         0.062882        89.795496
   1429.000000         0.062901        89.885529
   1430.000000         0.062920        89.975600
   1431.000000         0.062939        90.065709
   1432.000000         0.062958        90.155856
   1433.000000         0.062977        90.246041
   1434.000000         0.062996        90.336264
   1435.000000         0.063015        90.426525
   1436.000000         0.063034        90.516824
   1437.000000         0.063053        90.607161
   1438.000000         0.063072        90.697536
   1439.000000         0.063091        90.787949
   1440.000000         0.063110        90.878400
   1441.000000         0.063129        90.968889
   1442.000000         0.063148        91.059416
   1443.000000         0.063166        91.148538
   1444.000000         0.063185        91.239140
   1445.000000         0.063204        91.329780
   1446.000000         0.063223        91.420458
   1447.000000         0.063242        91.511174
   1448.000000         0.063260        91.600480
   1449.000000         0.063279        91.691271
   1450.000000         0.063298        91.782100
   1451.000000         0.063317        91.872967
   1452.000000         0.063335        91.962420
   1453.000000         0.063354        92.053362
   1454.000000         0.063373        92.144342
   1455.000000         0.063392        92.235360
   1456.000000         0.063410        92.324960
   1457.000000         0.063429        92.416053
   1458.000000         0.063448        92.507184
   1459.000000         0.063466        92.596894
   1460.000000         0.063485        92.688100
   1461.000000         0.063503        92.777883
   1462.000000         0.063522        92.869164
   1463.000000         0.063541        92.960483
   1464.000000         0.063559        93.050376
   1465.000000         0.063578        93.141770
   1466.000000         0.063596        93.231736
   1467.000000         0.063615        93.323205
   1468.000000         0.063633        93.413244
   1469.000000         0.063652        93.504788
   1470.000000         0.063670        93.594900
   1471.000000         0.063689        93.686519
   1472.000000         0.063707        93.776704
   1473.000000         0.063726        93.868398
   1474.000000         0.063744        93.958656
   1475.000000         0.063763        94.050425
   1476.000000         0.063781        94.140756
   1477.000000         0.063800        94.232600
   1478.000000         0.063818        94.323004
   1479.000000         0.063836        94.413444
   1480.000000         0.063855        94.505400
   1481.000000         0.063873        94.595913
   1482.000000         0.063892        94.687944
   1483.000000         0.063910        94.778530
   1484.000000         0.063928        94.869152
   1485.000000         0.063947        94.961295
   1486.000000         0.063965        95.051990
   1487.000000         0.063983        95.142721
   1488.000000         0.064002        95.234976
   1489.000000         0.064020        95.325780
   1490.000000         0.064038        95.416620
   1491.000000         0.064056        95.507496
   1492.000000         0.064075        95.599900
   1493.000000         0.064093        95.690849
   1494.000000         0.064111        95.781834
   1495.000000         0.064129        95.872855
   1496.000000         0.064147        95.963912
   1497.000000         0.064166        96.056502
   1498.000000         0.064184        96.147632
   1499.000000         0.064202        96.238798
   1500.000000         0.064220        96.330000
   1501.000000         0.064238        96.421238
   1502.000000         0.064256        96.512512
   1503.000000         0.064274        96.603822
   1504.000000         0.064292        96.695168
   1505.000000         0.064311        96.788055
   1506.000000         0.064329        96.879474
   1507.000000         0.064347        96.970929
   1508.000000         0.064365        97.062420
   1509.000000         0.064383        97.153947
   1510.000000         0.064401        97.245510
   1511.000000         0.064419        97.337109
   1512.000000         0.064437        97.428744
   1513.000000         0.064455        97.520415
   1514.000000         0.064473        97.612122
   1515.000000         0.064491        97.703865
   1516.000000         0.064509        97.795644
   1517.000000         0.064527        97.887459
   1518.000000         0.064545        97.979310
   1519.000000         0.064562        98.069678
   1520.000000         0.064580        98.161600
   1521.000000         0.064598        98.253558
   1522.000000         0.064616        98.345552
   1523.000000         0.064634        98.437582
   1524.000000         0.064652        98.529648
   1525.000000         0.064670        98.621750
   1526.000000         0.064688        98.713888
   1527.000000         0.064705        98.804535
   1528.000000         0.064723        98.896744
   1529.000000         0.064741        98.988989
   1530.000000         0.064759        99.081270
   1531.000000         0.064777        99.173587
   1532.000000         0.064794        99.264408
   1533.000000         0.064812        99.356796
   1534.000000         0.064830        99.449220
   1535.000000         0.064848        99.541680
   1536.000000         0.064865        99.632640
   1537.000000         0.064883        99.725171
   1538.000000         0.064901        99.817738
   1539.000000         0.064918        99.908802
   1540.000000         0.064936       100.001440
   1541.000000         0.064954       100.094114
   1542.000000         0.064971       100.185282
   1543.000000         0.064989       100.278027
   1544.000000         0.065007       100.370808
   1545.000000         0.065024       100.462080
   1546.000000         0.065042       100.554932
   1547.000000         0.065060       100.647820
   1548.000000         0.065077       100.739196
   1549.000000         0.065095       100.832155
   1550.000000         0.065112       100.923600
   1551.000000         0.065130       101.016630
   1552.000000         0.065147       101.108144
   1553.000000         0.065165       101.201245
   1554.000000         0.065182       101.292828
   1555.000000         0.065200       101.386000
   1556.000000         0.065217       101.477652
   1557.000000         0.065235       101.570895
   1558.000000         0.065252       101.662616
   1559.000000         0.065270       101.755930
   1560.000000         0.065287       101.847720
   1561.000000         0.065305       101.941105
   1562.000000         0.065322       102.032964
   1563.000000         0.065340       102.126420
   1564.000000         0.065357       102.218348
   1565.000000         0.065374       102.310310
   1566.000000         0.065392       102.403872
   1567.000000         0.065409       102.495903
   1568.000000         0.065427       102.589536
   1569.000000         0.065444       102.681636
   1570.000000         0.065461       102.773770
   1571.000000         0.065479       102.867509
   1572.000000         0.065496       102.959712
   1573.000000         0.065513       103.051949
   1574.000000         0.065531       103.145794
   1575.000000         0.065548       103.238100
   1576.000000         0.065565       103.330440
   1577.000000         0.065582       103.422814
   1578.000000         0.065600       103.516800
   1579.000000         0.065617       103.609243
   1580.000000         0.065634       103.701720
   1581.000000         0.065651       103.794231
   1582.000000         0.065669       103.888358
   1583.000000         0.065686       103.980938
   1584.000000         0.065703       104.073552
   1585.000000         0.065720       104.166200
   1586.000000         0.065737       104.258882
   1587.000000         0.065754       104.351598
   1588.000000         0.065772       104.445936
   1589.000000         0.065789       104.538721
   1590.000000         0.065806       104.631540
   1591.000000         0.065823       104.724393
   1592.000000         0.065840       104.817280
   1593.000000         0.065857       104.910201
   1594.000000         0.065874       105.003156
   1595.000000         0.065891       105.096145
   1596.000000         0.065908       105.189168
   1597.000000         0.065925       105.282225
   1598.000000         0.065943       105.376914
   1599.000000         0.065960       105.470040
   1600.000000         0.065977       105.563200
   1601.000000         0.065994       105.656394
   1602.000000         0.066011       105.749622
   1603.000000         0.066028       105.842884
   1604.000000         0.066045       105.936180
   1605.000000         0.066062       106.029510
   1606.000000         0.066078       106.121268
   1607.000000         0.066095       106.214665
   1608.000000         0.066112       106.308096
   1609.000000         0.066129       106.401561
   1610.000000         0.066146       106.495060
   1611.000000         0.066163       106.588593
   1612.000000         0.066180       106.682160
   1613.000000         0.066197       106.775761
   1614.000000         0.066214       106.869396
   1615.000000         0.066231       106.963065
   1616.000000         0.066248       107.056768
   1617.000000         0.066264       107.148888
   1618.000000         0.066281       107.242658
   1619.000000         0.066298       107.336462
   1620.000000         0.066315       107.430300
   1621.000000         0.066332       107.524172
   1622.000000         0.066348       107.616456
   1623.000000         0.066365       107.710395
   1624.000000         0.066382       107.804368
   1625.000000         0.066399       107.898375
   1626.000000         0.066416       107.992416
   1627.000000         0.066432       108.084864
   1628.000000         0.066449       108.178972
   1629.000000         0.066466       108.273114
   1630.000000         0.066482       108.365660
   1631.000000         0.066499       108.459869
   1632.000000         0.066516       108.554112
   1633.000000         0.066533       108.648389
   1634.000000         0.066549       108.741066
   1635.000000         0.066566       108.835410
   1636.000000         0.066583       108.929788
   1637.000000         0.066599       109.022563
   1638.000000         0.066616       109.117008
   1639.000000         0.066632       109.209848
   1640.000000         0.066649       109.304360
   1641.000000         0.066666       109.398906
   1642.000000         0.066682       109.491844
   1643.000000         0.066699       109.586457
   1644.000000         0.066715       109.679460
   1645.000000         0.066732       109.774140
   1646.000000         0.066748       109.867208
   1647.000000         0.066765       109.961955
   1648.000000         0.066782       110.056736
   1649.000000         0.066798       110.149902
   1650.000000         0.066815       110.244750
   1651.000000         0.066831       110.337981
   1652.000000         0.066848       110.432896
   1653.000000         0.066864       110.526192
   1654.000000         0.066881       110.621174
   1655.000000         0.066897       110.714535
   1656.000000         0.066913       110.807928
   1657.000000         0.066930       110.903010
   1658.000000         0.066946       110.996468
   1659.000000         0.066963       111.091617
   1660.000000         0.066979       111.185140
   1661.000000         0.066996       111.280356
   1662.000000         0.067012       111.373944
   1663.000000         0.067028       111.467564
   1664.000000         0.067045       111.562880
   1665.000000         0.067061       111.656565
   1666.000000         0.067077       111.750282
   1667.000000         0.067094       111.845698
   1668.000000         0.067110       111.939480
   1669.000000         0.067126       112.033294
   1670.000000         0.067143       112.128810
   1671.000000         0.067159       112.222689
   1672.000000         0.067175       112.316600
   1673.000000         0.067192       112.412216
   1674.000000         0.067208       112.506192
   1675.000000         0.067224       112.600200
   1676.000000         0.067241       112.695916
   1677.000000         0.067257       112.789989
   1678.000000         0.067273       112.884094
   1679.000000         0.067289       112.978231
   1680.000000         0.067305       113.072400
   1681.000000         0.067322       113.168282
   1682.000000         0.067338       113.262516
   1683.000000         0.067354       113.356782
   1684.000000         0.067370       113.451080
   1685.000000         0.067386       113.545410
   1686.000000         0.067403       113.641458
   1687.000000         0.067419       113.735853
   1688.000000         0.067435       113.830280
   1689.000000         0.067451       113.924739
   1690.000000         0.067467       114.019230
   1691.000000         0.067483       114.113753
   1692.000000         0.067499       114.208308
   1693.000000         0.067515       114.302895
   1694.000000         0.067532       114.399208
   1695.000000         0.067548       114.493860
   1696.000000         0.067564       114.588544
   1697.000000         0.067580       114.683260
   1698.000000         0.067596       114.778008
   1699.000000         0.067612       114.872788
   1700.000000         0.067628       114.967600
   1701.000000         0.067644       115.062444
   1702.000000         0.067660       115.157320
   1703.000000         0.067676       115.252228
   1704.000000         0.067692       115.347168
   1705.000000         0.067708       115.442140
   1706.000000         0.067724       115.537144
   1707.000000         0.067740       115.632180
   1708.000000         0.067756       115.727248
   1709.000000         0.067772       115.822348
   1710.000000         0.067788       115.917480
   1711.000000         0.067804       116.012644
   1712.000000         0.067820       116.107840
   1713.000000         0.067836       116.203068
   1714.000000         0.067851       116.296614
   1715.000000         0.067867       116.391905
   1716.000000         0.067883       116.487228
   1717.000000         0.067899       116.582583
   1718.000000         0.067915       116.677970
   1719.000000         0.067931       116.773389
   1720.000000         0.067947       116.868840
   1721.000000         0.067962       116.962602
   1722.000000         0.067978       117.058116
   1723.000000         0.067994       117.153662
   1724.000000         0.068010       117.249240
   1725.000000         0.068026       117.344850
   1726.000000         0.068042       117.440492
   1727.000000         0.068057       117.534439
   1728.000000         0.068073       117.630144
   1729.000000         0.068089       117.725881
   1730.000000         0.068105       117.821650
   1731.000000         0.068120       117.915720
   1732.000000         0.068136       118.011552
   1733.000000         0.068152       118.107416
   1734.000000         0.068168       118.203312
   1735.000000         0.068183       118.297505
   1736.000000         0.068199       118.393464
   1737.000000         0.068215       118.489455
   1738.000000         0.068230       118.583740
   1739.000000         0.068246       118.679794
   1740.000000         0.068262       118.775880
   1741.000000         0.068277       118.870257
   1742.000000         0.068293       118.966406
   1743.000000         0.068309       119.062587
   1744.000000         0.068324       119.157056
   1745.000000         0.068340       119.253300
   1746.000000         0.068356       119.349576
   1747.000000         0.068371       119.444137
   1748.000000         0.068387       119.540476
   1749.000000         0.068402       119.635098
   1750.000000         0.068418       119.731500
   1751.000000         0.068433       119.826183
   1752.000000         0.068449       119.922648
   1753.000000         0.068465       120.019145
   1754.000000         0.068480       120.113920
   1755.000000         0.068496       120.210480
   1756.000000         0.068511       120.305316
   1757.000000         0.068527       120.401939
   1758.000000         0.068542       120.496836
   1759.000000         0.068558       120.593522
   1760.000000         0.068573       120.688480
   1761.000000         0.068589       120.785229
   1762.000000         0.068604       120.880248
   1763.000000         0.068620       120.977060
   1764.000000         0.068635       121.072140
   1765.000000         0.068651       121.169015
   1766.000000         0.068666       121.264156
   1767.000000         0.068681       121.359327
   1768.000000         0.068697       121.456296
   1769.000000         0.068712       121.551528
   1770.000000         0.068728       121.648560
   1771.000000         0.068743       121.743853
   1772.000000         0.068758       121.839176
   1773.000000         0.068774       121.936302
   1774.000000         0.068789       122.031686
   1775.000000         0.068805       122.128875
   1776.000000         0.068820       122.224320
   1777.000000         0.068835       122.319795
   1778.000000         0.068851       122.417078
   1779.000000         0.068866       122.512614
   1780.000000         0.068881       122.608180
   1781.000000         0.068897       122.705557
   1782.000000         0.068912       122.801184
   1783.000000         0.068927       122.896841
   1784.000000         0.068942       122.992528
   1785.000000         0.068958       123.090030
   1786.000000         0.068973       123.185778
   1787.000000         0.068988       123.281556
   1788.000000         0.069004       123.379152
   1789.000000         0.069019       123.474991
   1790.000000         0.069034       123.570860
   1791.000000         0.069049       123.666759
   1792.000000         0.069064       123.762688
   1793.000000         0.069080       123.860440
   1794.000000         0.069095       123.956430
   1795.000000         0.069110       124.052450
   1796.000000         0.069125       124.148500
   1797.000000         0.069140       124.244580
   1798.000000         0.069156       124.342488
   1799.000000         0.069171       124.438629
   1800.000000         0.069186       124.534800
   1801.000000         0.069201       124.631001
   1802.000000         0.069216       124.727232
   1803.000000         0.069231       124.823493
   1804.000000         0.069246       124.919784
   1805.000000         0.069262       125.017910
   1806.000000         0.069277       125.114262
   1807.000000         0.069292       125.210644
   1808.000000         0.069307       125.307056
   1809.000000         0.069322       125.403498
   1810.000000         0.069337       125.499970
   1811.000000         0.069352       125.596472
   1812.000000         0.069367       125.693004
   1813.000000         0.069382       125.789566
   1814.000000         0.069397       125.886158
   1815.000000         0.069412       125.982780
   1816.000000         0.069427       126.079432
   1817.000000         0.069442       126.176114
   1818.000000         0.069457       126.272826
   1819.000000         0.069472       126.369568
   1820.000000         0.069487       126.466340
   1821.000000         0.069502       126.563142
   1822.000000         0.069517       126.659974
   1823.000000         0.069532       126.756836
   1824.000000         0.069547       126.853728
   1825.000000         0.069562       126.950650
   1826.000000         0.069577       127.047602
   1827.000000         0.069592       127.144584
   1828.000000         0.069607       127.241596
   1829.000000         0.069622       127.338638
   1830.000000         0.069637       127.435710
   1831.000000         0.069651       127.530981
   1832.000000         0.069666       127.628112
   1833.000000         0.069681       127.725273
   1834.000000         0.069696       127.822464
   1835.000000         0.069711       127.919685
   1836.000000         0.069726       128.016936
   1837.000000         0.069741       128.114217
   1838.000000         0.069756       128.211528
   1839.000000         0.069770       128.307030
   1840.000000         0.069785       128.404400
   1841.000000         0.069800       128.501800
   1842.000000         0.069815       128.599230
   1843.000000         0.069830       128.696690
   1844.000000         0.069844       128.792336
   1845.000000         0.069859       128.889855
   1846.000000         0.069874       128.987404
   1847.000000         0.069889       129.084983
   1848.000000         0.069904       129.182592
   1849.000000         0.069918       129.278382
   1850.000000         0.069933       129.376050
   1851.000000         0.069948       129.473748
   1852.000000         0.069962       129.569624
   1853.000000         0.069977       129.667381
   1854.000000         0.069992       129.765168
   1855.000000         0.070007       129.862985
   1856.000000         0.070021       129.958976
   1857.000000         0.070036       130.056852
   1858.000000         0.070051       130.154758
   1859.000000         0.070065       130.250835
   1860.000000         0.070080       130.348800
   1861.000000         0.070095       130.446795
   1862.000000         0.070109       130.542958
   1863.000000         0.070124       130.641012
   1864.000000         0.070139       130.739096
   1865.000000         0.070153       130.835345
   1866.000000         0.070168       130.933488
   1867.000000         0.070183       131.031661
   1868.000000         0.070197       131.127996
   1869.000000         0.070212       131.226228
   1870.000000         0.070226       131.322620
   1871.000000         0.070241       131.420911
   1872.000000         0.070255       131.517360
   1873.000000         0.070270       131.615710
   1874.000000         0.070285       131.714090
   1875.000000         0.070299       131.810625
   1876.000000         0.070314       131.909064
   1877.000000         0.070328       132.005656
   1878.000000         0.070343       132.104154
   1879.000000         0.070357       132.200803
   1880.000000         0.070372       132.299360
   1881.000000         0.070386       132.396066
   1882.000000         0.070401       132.494682
   1883.000000         0.070415       132.591445
   1884.000000         0.070430       132.690120
   1885.000000         0.070444       132.786940
   1886.000000         0.070459       132.885674
   1887.000000         0.070473       132.982551
   1888.000000         0.070488       133.081344
   1889.000000         0.070502       133.178278
   1890.000000         0.070516       133.275240
   1891.000000         0.070531       133.374121
   1892.000000         0.070545       133.471140
   1893.000000         0.070560       133.570080
   1894.000000         0.070574       133.667156
   1895.000000         0.070589       133.766155
   1896.000000         0.070603       133.863288
   1897.000000         0.070617       133.960449
   1898.000000         0.070632       134.059536
   1899.000000         0.070646       134.156754
   1900.000000         0.070660       134.254000
